[1.00000000e+000 9.90000000e-002 1.48005000e-002 2.45521650e-003
 4.27572333e-004 7.65836676e-005 1.39707288e-005 2.58166009e-006
 4.81649318e-007 9.05243353e-008 1.71137478e-008 3.25084776e-009
 6.19964989e-010 1.18627954e-010 2.27638350e-011 4.37899430e-012
 8.44185607e-013 1.63051396e-013 3.15457876e-014 6.11238368e-015
 1.18594939e-015 2.30383573e-016 4.48041194e-017 8.72214249e-018
 1.69953554e-018 3.31441354e-019 6.46880144e-020 1.26344447e-020
 2.46934057e-021 4.82923089e-022 9.44993456e-023 1.85019274e-023
 3.62432836e-024 7.10308338e-025 1.39271651e-025 2.73189289e-026
 5.36092074e-027 1.05239886e-027 2.06670200e-028 4.05997894e-029
 7.97830554e-030 1.56830885e-030 3.08375697e-031 6.06527294e-032
 1.19326429e-032 2.34819330e-033 4.62207619e-034 9.10001009e-035
 1.79202438e-035 3.52971167e-036 6.95383006e-037 1.37023455e-037
 2.70052642e-038 5.32330667e-039 1.04952098e-039 2.06954343e-040
 4.08158741e-041 8.05104564e-042 1.58833362e-042 3.13397239e-043
 6.18458352e-044 1.22063430e-044 2.40945358e-045 4.75672008e-046
 9.39184474e-047 1.85458531e-047 3.66263576e-048 7.23419347e-049
 1.42900755e-049 2.82309532e-050 5.57778592e-051 1.10215365e-051
 2.17803682e-052 4.30457113e-053 8.50814791e-054 1.68182019e-054
 3.32477636e-055 6.57328804e-056 1.29968850e-056 2.56998952e-057
 5.08227314e-058 1.00512105e-058 1.98797826e-059 3.93221258e-060
 7.77846098e-061 1.53879568e-061 3.04437480e-062 6.02343832e-063
 1.19184380e-063 2.35842515e-064 4.66715380e-065 9.23652877e-066
 1.82806461e-066 3.61826033e-067 7.16197913e-068 1.41772088e-068
 2.80654724e-069 5.55619419e-070 1.10003229e-070 2.17799033e-071
 4.31249402e-072 8.53930781e-073 1.69097822e-073 3.34868369e-074
 6.63178763e-075 1.31343043e-075 2.60137605e-076 5.15250518e-077
 1.02059307e-077 2.02164698e-078 4.00475749e-079 7.93350295e-080
 1.57170595e-080 3.11382959e-081 6.16929183e-082 1.22234112e-082
 2.42195395e-083 4.79905144e-084 9.50956662e-085 1.88443679e-085
 3.73437299e-086 7.40063232e-087 1.46667785e-087 2.90680011e-088
 5.76115948e-089 1.14187534e-089 2.26329586e-090 4.48618923e-091
 8.89256929e-092 1.76274759e-092 3.49434675e-093 6.92715122e-094
 1.37327003e-094 2.72251093e-095 5.39753604e-096 1.07012255e-096
 2.12169697e-097 4.20673243e-098 8.34099674e-099 1.65387383e-099
 3.27942720e-100 6.50286376e-101 1.28950253e-101 2.55711626e-102
 5.07095002e-103 1.00563093e-103 1.99433544e-104 3.95519539e-105
 7.84418258e-106 1.55574110e-106 3.08557924e-107 6.11991938e-108
 1.21384767e-108 2.40764276e-109 4.77561328e-110 9.47273483e-111
 1.87901661e-111 3.72730345e-112 7.39379944e-113 1.46672688e-113
 2.90964093e-114 5.77215521e-115 1.14510406e-115 2.27174801e-116
 4.50695796e-117 8.94159317e-118 1.77400262e-118 3.51966609e-119
 6.98323142e-120 1.38554002e-120 2.74909214e-121 5.45465150e-122
 1.08231113e-122 2.14755632e-123 4.26132081e-124 8.45572894e-125
 1.67789563e-125 3.32955218e-126 6.60714167e-127 1.31113752e-127
 2.60189420e-128 5.16342296e-129 1.02468972e-129 2.03354411e-130
 4.03572234e-131 8.00931470e-132 1.58955575e-132 3.15473171e-133
 6.26116703e-134 1.24266560e-134 2.46637623e-135 4.89519926e-136
 9.71599673e-137 1.92845816e-137 3.82770884e-138 7.59754576e-139
 1.50804205e-139 2.99336181e-140 5.94169779e-141 1.17941712e-141
 2.34115284e-142 4.64726589e-143 9.22509051e-144 1.83125600e-144
 3.63523708e-145 7.21641707e-146 1.43256938e-146 2.84390319e-147
 5.64571575e-148 1.12080024e-148 2.22506335e-149 4.41734642e-150
 8.76971344e-151 1.74106172e-151 3.45658870e-152 6.86255716e-153
 1.36247622e-153 2.70505768e-154 5.37067324e-155 1.06631493e-155
 2.11712629e-156 4.20351418e-157 8.34608311e-158 1.65713271e-158
 3.29030555e-159 6.53310275e-160 1.29720026e-160 2.57572094e-161
 5.11440120e-162 1.01553512e-162 2.01650467e-163 4.00412487e-164
 7.95096889e-165 1.57883419e-165 3.13514029e-166 6.22560261e-167
 1.23625976e-167 2.45494612e-168 4.87503852e-169 9.68094972e-170
 1.92247929e-170 3.81776453e-171 7.58159076e-172 1.50561952e-172
 2.99001803e-173 5.93794289e-174 1.17923900e-174 2.34191558e-175
 4.65097696e-176 9.23678135e-177 1.83442785e-177 3.64320888e-178
 7.23554003e-179 1.43701480e-179 2.85400623e-180 5.66828858e-181
 1.12577687e-181 2.23591864e-182 4.44081778e-183 8.82009302e-184
 1.75180842e-184 3.47939117e-185 6.91071668e-186 1.37260658e-186
 2.72629092e-187 5.41503700e-188 1.07555778e-188 2.13633387e-189
 4.24333722e-190 8.42847466e-191 1.67414635e-191 3.32537652e-192
 6.60527927e-193 1.31203213e-193 2.60615756e-194 5.17678050e-195
 1.02830441e-195 2.04261490e-196 4.05745876e-197 8.05980507e-198
 1.60102365e-198 3.18034124e-199 6.31760456e-200 1.25497156e-200
 2.49297563e-201 4.95227636e-202 9.83771822e-203 1.95427887e-203
 3.88223057e-204 7.71220787e-205 1.53207041e-205 3.04355602e-206
 6.04625465e-207 1.20114133e-207 2.38618611e-208 4.74042221e-209
 9.41742619e-210 1.87089709e-210 3.71680720e-211 7.38401564e-212]