[1.00000000e+00 0.00000000e+00 5.00000000e-01 0.00000000e+00
 8.33333333e-02 0.00000000e+00 4.44444444e-02 0.00000000e+00
 1.95436508e-02 0.00000000e+00 7.27292769e-03 0.00000000e+00
 2.93879603e-03 0.00000000e+00 1.19529904e-03 0.00000000e+00
 4.83873824e-04 0.00000000e+00 1.97788778e-04 0.00000000e+00
 8.12287632e-05 0.00000000e+00 3.34375303e-05 0.00000000e+00
 1.38059779e-05 0.00000000e+00 5.71418905e-06 0.00000000e+00
 2.36955740e-06 0.00000000e+00 9.84290385e-07 0.00000000e+00
 4.09474702e-07 0.00000000e+00 1.70566165e-07 0.00000000e+00
 7.11308556e-08 0.00000000e+00 2.96939978e-08 0.00000000e+00
 1.24073298e-08 0.00000000e+00 5.18857391e-09 0.00000000e+00
 2.17142173e-09 0.00000000e+00 9.09363889e-10 0.00000000e+00
 3.81068659e-10 0.00000000e+00 1.59778571e-10 0.00000000e+00
 6.70291941e-11 0.00000000e+00 2.81334016e-11 0.00000000e+00
 1.18134787e-11 0.00000000e+00 4.96268623e-12 0.00000000e+00
 2.08558004e-12 0.00000000e+00 8.76792297e-13 0.00000000e+00
 3.68736618e-13 0.00000000e+00 1.55123033e-13 0.00000000e+00
 6.52782355e-14 0.00000000e+00 2.74779909e-14 0.00000000e+00
 1.15696172e-14 0.00000000e+00 4.87263662e-15 0.00000000e+00
 2.05264652e-15 0.00000000e+00 8.64896151e-16 0.00000000e+00
 3.64509103e-16 0.00000000e+00 1.53653601e-16 0.00000000e+00
 6.47832502e-17 0.00000000e+00 2.73189701e-17 0.00000000e+00
 1.15224218e-17 0.00000000e+00 4.86068610e-18 0.00000000e+00
 2.05079609e-18 0.00000000e+00 8.65397095e-19 0.00000000e+00
 3.65235994e-19 0.00000000e+00 1.54167990e-19 0.00000000e+00
 6.50840894e-20 0.00000000e+00 2.74797682e-20 0.00000000e+00
 1.16039720e-20 0.00000000e+00 4.90064849e-21 0.00000000e+00
 2.06991120e-21 0.00000000e+00 8.74378119e-22 0.00000000e+00
 3.69397945e-22 0.00000000e+00 1.56075815e-22 0.00000000e+00
 6.59509564e-23 0.00000000e+00 2.78707990e-23 0.00000000e+00
 1.17792906e-23 0.00000000e+00 4.97884823e-24 0.00000000e+00
 2.10463782e-24 0.00000000e+00 8.89740475e-25 0.00000000e+00
 3.76171284e-25 0.00000000e+00 1.59053461e-25 0.00000000e+00
 6.72565718e-26 0.00000000e+00 2.84419536e-26 0.00000000e+00
 1.20286319e-26 0.00000000e+00 5.08749773e-27 0.00000000e+00
 2.15190207e-27 0.00000000e+00 9.10269946e-28 0.00000000e+00
 3.85076051e-28 0.00000000e+00 1.62911083e-28 0.00000000e+00
 6.89257993e-29 0.00000000e+00 2.91634788e-29 0.00000000e+00
 1.23402081e-29 0.00000000e+00 5.22192472e-30 0.00000000e+00
 2.20985133e-30 0.00000000e+00 9.35231690e-31 0.00000000e+00
 3.95820682e-31 0.00000000e+00 1.67532971e-31 0.00000000e+00
 7.09127102e-32 0.00000000e+00 3.00171414e-32 0.00000000e+00
 1.27067802e-32 0.00000000e+00 5.37925525e-33 0.00000000e+00
 2.27734462e-33 0.00000000e+00 9.64172774e-34 0.00000000e+00
 4.08225411e-34 0.00000000e+00 1.72847793e-34 0.00000000e+00
 7.31890074e-35 0.00000000e+00 3.09917208e-35 0.00000000e+00
 1.31239011e-35 0.00000000e+00 5.55772759e-36 0.00000000e+00
 2.35368450e-36 0.00000000e+00 9.96817313e-37 0.00000000e+00
 4.22181197e-37 0.00000000e+00 1.78812495e-37 0.00000000e+00
 7.57377110e-38 0.00000000e+00 3.20805287e-38 0.00000000e+00
 1.35889401e-38 0.00000000e+00 5.75630881e-39 0.00000000e+00
 2.43846617e-39 0.00000000e+00 1.03300699e-39 0.00000000e+00
 4.37626275e-40 0.00000000e+00 1.85403046e-40 0.00000000e+00
 7.85495016e-41 0.00000000e+00 3.32799642e-41 0.00000000e+00
 1.41005118e-41 0.00000000e+00 5.97446853e-42 0.00000000e+00
 2.53148776e-42 0.00000000e+00 1.07266551e-42 0.00000000e+00
 4.54532057e-43 0.00000000e+00 1.92608846e-43 0.00000000e+00
 8.16204996e-44 0.00000000e+00 3.45886313e-44 0.00000000e+00
 1.46581251e-44 0.00000000e+00 6.21203937e-45 0.00000000e+00
 2.63269485e-45 0.00000000e+00 1.11577652e-45 0.00000000e+00
 4.72894332e-46 0.00000000e+00 2.00429216e-46 0.00000000e+00
 8.49508656e-47 0.00000000e+00 3.60067805e-47 0.00000000e+00
 1.52619603e-47 0.00000000e+00 6.46912794e-48 0.00000000e+00
 2.74214492e-48 0.00000000e+00 1.16236938e-48 0.00000000e+00
 4.92727583e-49 0.00000000e+00 2.08871123e-49 0.00000000e+00
 8.85438922e-50 0.00000000e+00 3.75359456e-50 0.00000000e+00
 1.59127239e-50 0.00000000e+00 6.74605668e-51 0.00000000e+00
 2.85998403e-51 0.00000000e+00 1.21250984e-51 0.00000000e+00
 5.14061245e-52 0.00000000e+00 2.17947687e-52 0.00000000e+00
 9.24054018e-53 0.00000000e+00 3.91787017e-53 0.00000000e+00
 1.66115515e-53 0.00000000e+00 7.04332490e-54 0.00000000e+00
 2.98643120e-54 0.00000000e+00 1.26629377e-54 0.00000000e+00
 5.36937194e-55 0.00000000e+00 2.27677165e-55 0.00000000e+00
 9.65433427e-56 0.00000000e+00 4.09385037e-56 0.00000000e+00
 1.73599426e-56 0.00000000e+00 7.36158274e-57 0.00000000e+00
 3.12176796e-57 0.00000000e+00 1.32384293e-57 0.00000000e+00
 5.61408054e-58 0.00000000e+00 2.38082278e-58 0.00000000e+00
 1.00967516e-58 0.00000000e+00 4.28195763e-59 0.00000000e+00
 1.81597169e-59 0.00000000e+00 7.70161346e-60 0.00000000e+00
 3.26633123e-60 0.00000000e+00 1.38530218e-60 0.00000000e+00
 5.87536058e-61 0.00000000e+00 2.49189752e-61 0.00000000e+00
 1.05689393e-61 0.00000000e+00 4.48268411e-62 0.00000000e+00
 1.90129850e-62 0.00000000e+00 8.06432177e-63 0.00000000e+00
 3.42050868e-63 0.00000000e+00 1.45083756e-63 0.00000000e+00
 6.15392309e-64 0.00000000e+00 2.61030021e-64 0.00000000e+00
 1.10721997e-64 0.00000000e+00 4.69658692e-65 0.00000000e+00
 1.99221295e-65 0.00000000e+00 8.45072633e-66 0.00000000e+00
 3.58473573e-66 0.00000000e+00 1.52063515e-66 0.00000000e+00
 6.45056303e-67 0.00000000e+00 2.73637042e-67 0.00000000e+00
 1.16079830e-67 0.00000000e+00 4.92428523e-68 0.00000000e+00
 2.08897936e-68 0.00000000e+00 8.86195532e-69 0.00000000e+00
 3.75949382e-69 0.00000000e+00 1.59490036e-69 0.00000000e+00
 6.76615674e-70 0.00000000e+00 2.87048195e-70 0.00000000e+00
 1.21778833e-70 0.00000000e+00 5.16645884e-71 0.00000000e+00
 2.19188756e-71 0.00000000e+00 9.29924435e-72 0.00000000e+00
 3.94530964e-72 0.00000000e+00 1.67385768e-72 0.00000000e+00
 7.10166086e-73 0.00000000e+00 3.01304243e-73 0.00000000e+00
 1.27836375e-73 0.00000000e+00 5.42384770e-74 0.00000000e+00
 2.30125278e-74 0.00000000e+00 9.76393611e-75 0.00000000e+00
 4.14275505e-75 0.00000000e+00 1.75775066e-75 0.00000000e+00
 7.45811254e-76 0.00000000e+00 3.16449351e-76 0.00000000e+00
 1.34271260e-76 0.00000000e+00 5.69725240e-77 0.00000000e+00
 2.41741584e-77 0.00000000e+00 1.02574815e-77 0.00000000e+00
 4.35244766e-78 0.00000000e+00 1.84684216e-78 0.00000000e+00
 7.83663061e-79 0.00000000e+00 3.32531134e-79 0.00000000e+00
 1.41103751e-79 0.00000000e+00 5.98753525e-80 0.00000000e+00
 2.54074368e-80 0.00000000e+00 1.07814417e-80 0.00000000e+00
 4.57505178e-81 0.00000000e+00 1.94141483e-81 0.00000000e+00
 8.23841754e-82 0.00000000e+00 3.49600748e-82 0.00000000e+00
 1.48355611e-82 0.00000000e+00 6.29562199e-83 0.00000000e+00
 2.67163008e-83 0.00000000e+00 1.13374919e-83 0.00000000e+00
 4.81127984e-84 0.00000000e+00 2.04177169e-84 0.00000000e+00
 8.66476211e-85 0.00000000e+00 3.67713006e-85 0.00000000e+00
 1.56050151e-85 0.00000000e+00 6.62250398e-86 0.00000000e+00
 2.81049662e-86 0.00000000e+00 1.19274248e-86 0.00000000e+00
 5.06189419e-87 0.00000000e+00 2.14823690e-87 0.00000000e+00
 9.11704274e-88 0.00000000e+00 3.86926518e-88 0.00000000e+00
 1.64212292e-88 0.00000000e+00 6.96924079e-89 0.00000000e+00
 2.95779381e-89 0.00000000e+00 1.25531557e-89 0.00000000e+00
 5.32770919e-90 0.00000000e+00 2.26115669e-90 0.00000000e+00
 9.59673133e-91 0.00000000e+00 4.07303859e-91 0.00000000e+00
 1.72868635e-91 0.00000000e+00 7.33696332e-92 0.00000000e+00
 3.11400239e-92 0.00000000e+00 1.32167284e-92 0.00000000e+00
 5.60959356e-93 0.00000000e+00 2.38090033e-93 0.00000000e+00
 1.01053976e-93 0.00000000e+00 4.28911753e-94 0.00000000e+00]