[ 1.00000000e+000  5.00000000e-001  5.00000000e-001 -4.16666667e-001
  1.66666667e-001 -2.91666667e-002 -2.01388889e-002  1.99404762e-002
 -9.29439484e-003  2.35821759e-003  1.80741567e-004 -5.46903184e-004
  3.17293956e-004 -1.02372701e-004  6.96019858e-006  1.44601783e-005
 -1.06152139e-005  4.21639823e-006 -8.01579212e-007 -2.36565354e-007
  2.90506143e-007 -1.41160587e-007  3.74302118e-008  1.50737196e-009
 -7.64917125e-009  4.59444786e-009 -1.56069244e-009  1.77833742e-010
  1.61964145e-010 -1.33244528e-010  5.54533009e-011 -1.15028696e-011
 -2.50598656e-012  3.60386183e-012 -1.83231826e-012  5.22560569e-013
 -8.07209732e-015 -8.63793244e-014  5.57389128e-014 -1.99377601e-014
  2.78545456e-015  1.73644396e-015 -1.57932558e-015  6.89660020e-016
 -1.57710930e-016 -2.12709983e-017  4.08773934e-017 -2.19623286e-017
  6.66233806e-018 -3.53538787e-019 -9.39675527e-019  6.51636670e-019
 -2.45350221e-019  4.04881046e-020  1.73189831e-020 -1.79174878e-020
  8.22714292e-021 -2.04288334e-021 -1.50213430e-022  4.49701733e-022
 -2.55942632e-022  8.23045640e-023 -7.10563170e-024 -9.85515700e-024
  7.41470546e-024 -2.93572205e-024  5.51778041e-025  1.64276895e-025
 -1.98856656e-025  9.61055408e-026 -2.56919587e-026 -5.91006103e-028
  4.83243655e-027 -2.92566876e-027  9.94208804e-028 -1.15009912e-028
 -1.00537090e-028  8.29540797e-029 -3.45208256e-029  7.22941988e-030
  1.46183184e-030 -2.17017948e-030  1.10573566e-030 -3.16078636e-031
  6.14885872e-033  5.09778923e-032 -3.29933763e-032  1.18209560e-032
 -1.68080642e-033 -9.97382570e-034  9.16014501e-034 -4.00647109e-034
  9.20476436e-035  1.18258879e-035 -2.33616230e-035  1.25765867e-035
 -3.82443636e-036  2.14441058e-037  5.28595834e-037 -3.68076681e-037
  1.38812187e-037 -2.31105784e-038 -9.58700210e-039  1.00054551e-038
 -4.60172056e-039  1.14682339e-039  7.94298756e-041 -2.48389591e-040
  1.41702044e-040 -4.56593078e-041  4.03080724e-042  5.38597225e-042
 -4.06881296e-042  1.61348551e-042 -3.05047534e-043 -8.85306112e-044
  1.08226456e-043 -5.23932545e-044  1.40444014e-044  2.84045375e-046
 -2.60950644e-045  1.58362678e-045 -5.39079869e-046  6.31237126e-047
  5.38329355e-047 -4.46097231e-047  1.85913660e-047 -3.90939376e-048
 -7.72346331e-049  1.15991346e-048 -5.91980650e-049  1.69584115e-049
 -3.63081991e-051 -2.70798567e-050  1.75691859e-050 -6.30421976e-051
  9.03134111e-052  5.26038390e-052 -4.85356103e-052  2.12580502e-052
 -4.89878426e-053 -6.14201311e-054  1.23186838e-053 -6.64271846e-054
  2.02356159e-054 -1.16375352e-055 -2.77327396e-055  1.93598510e-055
 -7.31098268e-056  1.22335086e-056  4.99683870e-057 -5.24172292e-057
  2.41398128e-057 -6.03012793e-058 -4.04528093e-059  1.29614375e-058
 -7.40660460e-059  2.39012581e-059 -2.13629808e-060 -2.79826287e-060
  2.11954720e-060 -8.41537863e-061  1.59678670e-061  4.56941310e-062
 -5.61938344e-062  2.72388414e-062 -7.31530074e-063 -1.36272823e-064
  1.35037924e-063 -8.20889367e-064  2.79800650e-064 -3.30063296e-065
 -2.77476641e-065  2.30592716e-065 -9.62106433e-066  2.02862968e-066
  3.95197473e-067 -5.97916452e-067  3.05541584e-067 -8.76644424e-068
  1.98327515e-069  1.39181811e-068 -9.04576163e-069  3.24957648e-069
 -4.67820601e-070 -2.69347258e-070  2.49300817e-070 -1.09308944e-070
  2.52432265e-071  3.11542261e-072 -6.31227459e-072  3.40810751e-072
 -1.03958170e-072  6.07747447e-074  1.41727983e-073 -9.91196454e-074
  3.74705206e-074 -6.29193265e-075 -2.54388405e-075  2.67818637e-075
 -1.23467247e-075  3.08952375e-076  2.02759145e-077 -6.60838021e-077
  3.78105563e-077 -1.22156201e-077  1.10117455e-078  1.42312883e-078
 -1.08006464e-078  4.29242710e-079 -8.16611725e-080 -2.31425293e-080
  2.85831644e-080 -1.38691853e-080  3.73005914e-081  6.53154721e-083
 -6.85546347e-082  4.17284979e-082 -1.42377933e-082  1.68850678e-083
  1.40524079e-083 -1.17031236e-083  4.88739680e-084 -1.03263502e-084
 -1.99151323e-085  3.02965158e-085 -1.54974231e-085  4.45186558e-086
 -1.04646335e-087 -7.03966785e-087  4.58149152e-087 -1.64737740e-087
  2.38034288e-088  1.35896715e-088 -1.26086468e-088  5.53327023e-089
 -1.27993731e-089 -1.56121380e-090  3.18777840e-090 -1.72288101e-090
  5.26092122e-091 -3.11315836e-092 -7.14513448e-092  5.00430428e-092
 -1.89342185e-092  3.18796316e-093  1.27909875e-093 -1.35041405e-093
  6.23087061e-094 -1.56129056e-094 -1.00745438e-095  3.32754693e-095
 -1.90586172e-095  6.16316252e-096 -5.59219052e-097 -7.15383070e-097
  5.43783408e-097 -2.16286769e-097  4.12329843e-098  1.15982922e-098
 -1.43739207e-098  6.98042205e-099 -1.87954257e-099 -3.12827173e-101
  3.44299632e-100 -2.09796511e-100  7.16438551e-101 -8.53219552e-102
 -7.04537272e-102  5.87774060e-102 -2.45652193e-102  5.19888432e-103
  9.94718931e-104 -1.51993912e-103  7.78142193e-104 -2.23758968e-104
  5.41633191e-106  3.52727642e-105 -2.29818504e-105  8.27012926e-106
 -1.19851527e-106 -6.79684440e-107  6.31867845e-107 -2.77500068e-107
  6.42779839e-108  7.76660240e-109 -1.59587172e-108  8.63249745e-109
 -2.63834347e-109  1.57648870e-110  3.57256582e-110 -2.50518411e-110
  9.48553951e-111 -1.60063009e-111 -6.38261436e-112  6.75416842e-112
 -3.11868030e-112  7.82357713e-113  4.97845026e-114 -1.66264802e-113
  9.53124546e-114 -3.08469036e-114  2.81392261e-115  3.56998684e-115
 -2.71724483e-115  1.08152103e-115 -2.06539922e-116 -5.77415401e-117
  7.17645857e-117 -3.48764202e-117  9.40010980e-118  1.49735413e-119
 -1.71733108e-118  1.04740543e-118 -3.57944351e-119  4.27774635e-120
  3.50951815e-120 -2.93221623e-120  1.22630011e-120 -2.59894719e-121
 -4.93985964e-122  7.57637508e-122 -3.88160950e-122  1.11715056e-122
 -2.76961083e-124 -1.75655051e-123  1.14559063e-123 -4.12528595e-124
  5.99338465e-125  3.37990589e-125 -3.14745571e-125  1.38318275e-125
 -3.20765722e-126 -3.84488205e-127  7.94316295e-127 -4.29987868e-127
  1.31519307e-127 -7.92310709e-129 -1.77646234e-128  1.24701608e-128
 -4.72470395e-129  7.98783460e-130  3.16857425e-130 -3.35976618e-130
  1.55234224e-130 -3.89813063e-131 -2.45096788e-132  8.26431691e-132
 -4.74123956e-132  1.53554113e-132 -1.40716545e-133 -1.77270749e-133
  1.35083152e-133 -5.37990959e-134  1.02895937e-134  2.86153677e-135
 -3.56532821e-135  1.73380651e-135 -4.67713492e-136 -7.16317383e-138
  8.52540279e-137 -5.20388913e-137  1.77955979e-137 -2.13316613e-138
 -1.74036926e-138  1.45597443e-138 -6.09275141e-139  1.29285517e-139
  2.44330980e-140 -3.75962727e-140  1.92742765e-140 -5.55153861e-141
  1.40453576e-142  8.70987016e-142 -5.68533508e-142  2.04854870e-142
 -2.98273483e-143 -1.67393001e-143  1.56114172e-143 -6.86461205e-144
  1.59358399e-144  1.89682977e-145 -3.93737608e-145  2.13284768e-145
 -6.52823146e-146  3.96081641e-147  8.79885702e-147 -6.18228969e-147
  2.34370957e-147 -3.96905435e-148 -1.56722770e-148  1.66475901e-148
 -7.69629150e-149  1.93436319e-149  1.20337639e-150 -4.09243221e-150
  2.34946027e-150 -7.61402789e-151  7.00556448e-152  8.77098793e-152
 -6.69055337e-152  2.66610823e-152 -5.10603261e-153 -1.41341283e-153
  1.76494756e-153 -8.58787493e-154  2.31848883e-154  3.42503935e-156
 -4.21771111e-155  2.57636834e-155 -8.81555165e-156  1.05956478e-156
  8.60216689e-157 -7.20488762e-157  3.01663101e-157 -6.40824913e-158
 -1.20490648e-158  1.85948886e-158 -9.53858361e-159  2.74930373e-159
 -7.08016522e-161 -4.30509487e-160  2.81233698e-160 -1.01390997e-160
  1.47917226e-161  8.26536709e-162 -7.71887675e-162  3.39593462e-162
 -7.89088083e-163 -9.33360191e-164  1.94578677e-163 -1.05466078e-163
  3.23015833e-164 -1.97224105e-165 -4.34533726e-165  3.05574175e-165
 -1.15904826e-165  1.96581303e-166  7.73041988e-167 -8.22477832e-167
  3.80438920e-167 -9.56960404e-168 -5.89618914e-169  2.02082738e-168
 -1.16089200e-168  3.76436337e-169 -3.47607934e-170 -4.32796550e-170
  3.30451182e-170 -1.31748394e-170  2.52627207e-171  6.96380580e-172
 -8.71336202e-172  4.24201367e-172 -1.14604690e-172 -1.63687818e-174
  2.08113670e-173 -1.27210678e-173  4.35513344e-174 -5.24729984e-175
 -4.24117962e-175  3.55606807e-175 -1.48964240e-175  3.16765879e-176
  5.92845109e-177 -9.17373694e-177  4.70840298e-177 -1.35797432e-177
  3.55295456e-179  2.12273629e-178 -1.38769444e-178  5.00552031e-179
 -7.31550903e-180 -4.07175034e-180  3.80725564e-180 -1.67583608e-180
  3.89737042e-181  4.58353378e-182 -9.59316738e-182  5.20264647e-182
 -1.59437195e-182  9.79081744e-184  2.14109698e-183 -1.50685364e-183
  5.71833493e-184 -9.71210000e-185 -3.80491657e-185  4.05427108e-185
 -1.87623655e-185  4.72304385e-186  2.88430420e-187 -9.95687744e-187
  5.72323680e-187 -1.85684845e-187  1.72032277e-188  2.13109120e-188
 -1.62856463e-188  6.49605683e-189 -1.24701644e-189 -3.42428408e-190]