[ 1.00000000e+000  0.00000000e+000  5.00000000e-001  1.66666667e-001
  2.08333333e-002  4.16666667e-006  3.47222292e-003 -1.97718254e-004
 -3.22271664e-004 -2.03844196e-004 -1.21586710e-004 -7.63131851e-005
 -3.07867647e-005 -1.67591022e-005 -7.17205533e-006 -2.97808832e-006
 -1.12833257e-006 -3.33046207e-007 -7.28165195e-009  5.95018270e-008
  7.31052207e-008  5.55836267e-008  3.62256889e-008  2.18088056e-008
  1.23538107e-008  6.47041152e-009  3.25842190e-009  1.51557480e-009
  6.40553298e-010  2.30950679e-010  5.47976390e-011 -1.11832449e-011
 -2.77393457e-011 -2.63023927e-011 -1.96670532e-011 -1.30507108e-011
 -8.00559000e-012 -4.61507736e-012 -2.50925843e-012 -1.28702158e-012
 -6.15328334e-013 -2.67212684e-013 -9.85410624e-014 -2.37791039e-014
  4.90699546e-015  1.27399807e-014  1.23211321e-014  9.41798910e-015
  6.39133941e-015  4.00660614e-015  2.35856699e-015  1.31117949e-015
  6.87420060e-016  3.36635708e-016  1.50393316e-016  5.77507074e-017
  1.54147314e-017 -1.52471003e-018 -6.61450229e-018 -6.79319393e-018
 -5.35941605e-018 -3.72337026e-018 -2.38129766e-018 -1.42783940e-018
 -8.08171065e-019 -4.31574555e-019 -2.15664862e-019 -9.87739258e-020
 -3.93862172e-020 -1.15492052e-020  4.77901527e-024  3.76328707e-021
  4.17278789e-021  3.40383465e-021  2.41744548e-021  1.57342135e-021
  9.58160497e-022  5.50390633e-022  2.98368751e-022  1.51595147e-022
  7.08760365e-023  2.91627764e-023  9.20522831e-024  6.72927499e-025
 -2.27652460e-024 -2.75899190e-024 -2.32695214e-024 -1.68661317e-024
 -1.11480345e-024 -6.87919167e-025 -4.00088447e-025 -2.19630764e-025
 -1.13148677e-025 -5.38217438e-026 -2.27299239e-026 -7.60034429e-027
 -9.73815229e-028  1.42789012e-027  1.91978294e-027  1.67453960e-027
  1.23724649e-027  8.29279784e-028  5.17746739e-028  3.04389674e-028
  1.68923968e-028  8.80753836e-029  4.25231375e-029  1.83611721e-029
  6.43253901e-030  1.10019717e-030 -9.08030425e-031 -1.38469329e-030
 -1.25055034e-030 -9.41365783e-031 -6.39266808e-031 -4.03411293e-031
 -2.39497693e-031 -1.34214384e-031 -7.07313394e-032 -3.46038228e-032
 -1.52349495e-032 -5.54979523e-033 -1.14255267e-033  5.71694830e-034
  1.02445428e-033  9.60051198e-034  7.36280798e-034  5.06345779e-034
  3.22775882e-034  1.93374980e-034  1.09346533e-034  5.81941211e-035
  2.88147803e-035  1.29092037e-035  4.86326911e-036  1.14318586e-036
 -3.44755418e-037 -7.71528708e-037 -7.52720008e-037 -5.88374895e-037
 -4.09702318e-037 -2.63729759e-037 -1.59372038e-037 -9.08857924e-038
 -4.88147558e-038 -2.44413106e-038 -1.11251763e-038 -4.31673261e-039
 -1.12281078e-039  1.86599198e-040  5.87977519e-040  5.99885657e-040
  4.78289443e-040  3.37239409e-040  2.19173927e-040  1.33558279e-040
  7.67841951e-041  4.16004287e-041  2.10478070e-041  9.72198141e-042
  3.87288750e-042  1.09200940e-042 -7.36014405e-044 -4.51186747e-043
 -4.84234780e-043 -3.94223214e-043 -2.81523396e-043 -1.84713915e-043
 -1.13483102e-043 -6.57554252e-044 -3.59223980e-044 -1.83555137e-044
 -8.59491372e-045 -3.50616806e-045 -1.05638225e-045 -8.68748575e-048
  3.47005063e-046  3.94806007e-046  3.28642445e-046  2.37775879e-046
  1.57507147e-046  9.75516421e-047  5.69570620e-047  3.13659965e-047
  1.61789497e-047  7.67330464e-048  3.19858362e-048  1.01897038e-048
  6.94830529e-050 -2.66213688e-049 -3.24383818e-049 -2.76551689e-049
 -2.02809393e-049 -1.35647160e-049 -8.46886278e-050 -4.98180539e-050
 -2.76484300e-050 -1.43906516e-050 -6.90799523e-051 -2.93718171e-051
 -9.81446522e-052 -1.14871510e-052  2.02602337e-052  2.68061463e-052
  2.34531873e-052  1.74430781e-052  1.17815950e-052  7.41472608e-053
  4.39399090e-053  2.45713100e-053  1.29005989e-053  6.26389571e-054
  2.71244379e-054  9.44726686e-055  1.48992127e-055 -1.51867318e-055
 -2.22409078e-055 -2.00179023e-055 -1.51090708e-055 -1.03078466e-055
 -6.53955530e-056 -3.90375538e-056 -2.19920389e-056 -1.16436974e-056
 -5.71539043e-057 -2.51724325e-057 -9.09297065e-058 -1.74730896e-058
  1.10953162e-058  1.84971830e-058  1.71763281e-058  1.31669477e-058
  9.07563381e-059  5.80461158e-059  3.49026017e-059  1.98059286e-059
  1.05718963e-059  5.24340665e-060  2.34615298e-060  8.75395041e-061
  1.94143309e-061 -7.76447155e-062 -1.53956300e-061 -1.48014496e-061
 -1.15341654e-061 -8.03476964e-062 -5.18113679e-062 -3.13798065e-062
 -1.79346770e-062 -9.64907363e-063 -4.83349178e-063 -2.19497581e-063
 -8.43112553e-064 -2.08720580e-064  5.03063519e-065  1.28028440e-064
  1.27983338e-064  1.01487977e-064  7.14747706e-065  4.64741487e-065
  2.83515502e-065  1.63187399e-065  8.84763094e-066  4.47452100e-066
  2.06041998e-066  8.12456628e-067  2.19562125e-067 -2.77106612e-068
 -1.06179919e-067 -1.10948982e-067 -8.96365624e-068 -6.38487924e-068
 -4.18679607e-068 -2.57273751e-068 -1.49121629e-068 -8.14617335e-069
 -4.15780955e-069 -1.93987073e-069 -7.83385517e-070 -2.27490098e-070
  8.92319579e-072  8.76376409e-071  9.63563194e-071  7.94227701e-071
  5.72459561e-071  3.78633953e-071  2.34367666e-071  1.36790042e-071
  7.52789674e-072  3.87649071e-072  1.83122694e-072  7.55830566e-073
  2.33127118e-073  6.77671467e-075 -7.18012026e-074 -8.37723882e-074
 -7.05612640e-074 -5.14906301e-074 -3.43586224e-074 -2.14240824e-074
 -1.25908128e-074 -6.97944552e-075 -3.62507230e-075 -1.73278230e-075
 -7.29709551e-076 -2.36950040e-076 -1.99513970e-077  5.81988701e-077
  7.28555860e-077  6.28262007e-077  4.64434205e-077  3.12726124e-077
  1.96449270e-077  1.16248199e-077  6.49009004e-078  3.39911529e-078
  1.64313781e-078  7.04934800e-079  2.39327792e-079  3.10442995e-080
 -4.64560677e-080 -6.33335509e-080 -5.60369585e-080 -4.19925494e-080
 -2.85402258e-080 -1.80635193e-080 -1.07626212e-080 -6.05112522e-081
 -3.19499730e-081 -1.56113624e-081 -6.81418102e-082 -2.40548411e-082
 -4.04085180e-083  3.62724842e-083  5.49870363e-083  5.00477028e-083
  3.80475359e-083  2.61086065e-083  1.66507531e-083  9.98920381e-084
  5.65542471e-084  3.00973636e-084  1.48581263e-084  6.59073613e-085
  2.40838642e-085  4.83277039e-086 -2.74052087e-086 -4.76379944e-086
 -4.47396553e-086 -3.45345013e-086 -2.39344962e-086 -1.53827503e-086
 -9.29221823e-087 -5.29710614e-087 -2.84085783e-087 -1.41635636e-087
 -6.37819489e-088 -2.40378309e-088 -5.50315815e-089  1.96561524e-089
  4.11406584e-089  4.00152930e-089  3.13926407e-089  2.19822104e-089
  1.42397678e-089  8.66142672e-090  4.97127677e-090  2.68629274e-090
  1.35208173e-090  6.17578735e-091  2.39310994e-091  6.07076003e-092
 -1.28625591e-092 -3.53747940e-092 -3.57939477e-092 -2.85715387e-092
 -2.02220968e-092 -1.32053628e-092 -8.08828131e-093 -4.67383821e-093
 -2.54429934e-093 -1.29240507e-093 -5.98279557e-094 -2.37752043e-094
 -6.55097792e-095  6.88976717e-096  3.02405366e-095  3.20084319e-095
  2.60291078e-095  1.86293478e-095  1.22657488e-095  7.56559733e-096
  4.40133491e-096  2.41340204e-096  1.23682662e-096  5.79855406e-097
  2.35794636e-097  6.95654846e-098 -1.62563674e-099 -2.56544041e-098
 -2.86024265e-098 -2.37299885e-098 -1.71830779e-098 -1.14092942e-098
 -7.08729852e-099 -4.15083556e-099 -2.29234321e-099 -1.18491610e-099
 -5.62244836e-100 -2.33514422e-100 -7.29806752e-101 -3.02378214e-102
  2.15461887e-101  2.55284401e-101  2.16442974e-101  1.58655997e-101
  1.06261280e-101  6.64821640e-102  3.91983937e-102  2.18004512e-102
  1.13630118e-102  5.45391268e-103  2.30973100e-103  7.58439929e-104
  7.13764462e-105 -1.78565141e-104 -2.27462010e-104 -1.97466389e-104
 -1.46618520e-104 -9.90782785e-105 -6.24393090e-105 -3.70620155e-105
 -2.07557938e-105 -1.09065810e-105 -5.29242682e-106 -2.28221196e-106
 -7.82299806e-107 -1.07829936e-107  1.45348995e-107  2.02213813e-107
  1.80153190e-107  1.35589435e-107  9.24717035e-108  5.87064287e-108
  3.50807344e-108  1.97814241e-108  1.04770415e-108  5.13751295e-109
  2.25300239e-109  8.02016319e-110  1.40168947e-110 -1.15382147e-110
 -1.79245753e-110 -1.64317152e-110 -1.25457870e-110 -8.63793099e-111
 -5.52507139e-111 -3.32385419e-111 -1.88703547e-111 -1.00719133e-111
 -4.98873239e-112 -2.22244476e-112 -8.18124253e-113 -1.68881480e-113
  8.82943831e-114  1.58304774e-113  1.49797683e-113  1.16128031e-113
  8.07472170e-114  5.20437044e-114  3.15215146e-114  1.80164840e-114
  9.68901340e-115  4.84568235e-115  2.19082227e-115  8.31079576e-116
  1.94386683e-116 -6.37665332e-117 -1.39172157e-116 -1.36455698e-116
 -1.07516801e-116 -7.55285862e-117 -4.90606089e-117 -2.99174928e-117
 -1.72144626e-117 -9.32641226e-118 -4.70799293e-118 -2.15836974e-118
 -8.41272642e-119 -2.17046060e-119  4.15222935e-120  1.21658082e-119
  1.24170247e-119  9.95517681e-120  7.06825375e-120  4.62797462e-120
  2.84158154e-120  1.64595827e-120  8.98239893e-121  4.57532428e-121]