[ 0.00000000e+000  5.00000000e-001  5.00000000e-001  1.66666667e-001
  1.25000000e-001  4.16666667e-002  1.38888889e-003  3.57142857e-003
 -2.97619048e-004 -1.37511023e-003 -3.29861111e-004 -1.90671597e-004
 -1.26517323e-004 -1.71703297e-005 -3.16169308e-006 -2.00745007e-006
  1.99599232e-006  1.05508632e-006  3.01701172e-007  2.31702761e-007
  7.34049660e-008  7.82329812e-009  4.57577120e-009 -8.44484240e-010
 -1.80434062e-009 -5.67685305e-010 -2.98981869e-010 -1.50140087e-010
 -2.72630188e-011 -6.03866211e-012 -1.20904175e-012  1.96339212e-012
  1.03893252e-012  3.87234285e-013  2.19102353e-013  6.54616496e-014
  1.04116443e-014  2.81910701e-015 -1.35353405e-015 -1.52113566e-015
 -5.85891187e-016 -2.81054519e-016 -1.15519777e-016 -2.36412903e-017
 -4.37111013e-018  3.21989582e-019  1.72588081e-018  8.96250810e-019
  3.67446524e-019  1.67692013e-019  4.77535059e-020  8.14521239e-021
  7.41441378e-022 -1.54887619e-021 -1.21670571e-021 -5.12308754e-022
 -2.23087410e-022 -8.00039457e-023 -1.68054980e-023 -2.11448630e-024
  1.10933252e-024  1.42195714e-024  7.15518260e-025  2.95793490e-025
  1.17191002e-025  3.15713289e-026  4.88135072e-027 -5.11793045e-028
 -1.45428718e-027 -9.35047860e-028 -4.00504570e-028 -1.60543773e-028
 -5.19196363e-029 -1.03381312e-029 -4.27481599e-031  1.33216284e-030
  1.11592626e-030  5.37999606e-031  2.16227752e-031  7.71640485e-032
  1.92886457e-032  2.23021721e-033 -1.06034255e-033 -1.22419628e-033
 -6.91939173e-034 -2.90710160e-034 -1.08293790e-034 -3.19290552e-035
 -5.54533698e-036  5.23633047e-037  1.24958560e-036  8.38754461e-037
  3.85159177e-037  1.48195982e-037  4.84136880e-038  1.08922505e-038
  5.39867717e-040 -1.17158485e-039 -9.59482099e-040 -4.93741612e-040
 -1.99956257e-040 -6.95273723e-041 -1.86076729e-041 -2.46991032e-042
  9.17971120e-043  1.04056454e-042  6.06623397e-043  2.64693140e-043
  9.67904251e-044  2.90385346e-044  5.59378442e-045 -3.50121443e-046
 -1.06112241e-045 -7.13828401e-046 -3.40661095e-046 -1.31852008e-046
 -4.27842370e-047 -1.02037110e-047 -7.17388163e-049  9.76448290e-049
  8.05275997e-049  4.23987500e-049  1.75651088e-049  6.07447258e-050
  1.66214311e-050  2.48729687e-051 -7.09994441e-052 -8.65817892e-052
 -5.09763723e-052 -2.27955984e-052 -8.39055525e-053 -2.52846630e-053
 -5.17170740e-054  1.57330968e-055  8.68421156e-055  5.91818162e-055
  2.87445293e-055  1.13010175e-055  3.67681447e-056  9.01438039e-057
  8.05634537e-058 -7.69812003e-058 -6.60625724e-058 -3.51914130e-058
 -1.48329524e-058 -5.17073581e-059 -1.43221075e-059 -2.32104509e-060
  5.10118925e-061  7.00321480e-061  4.18011996e-061  1.89596581e-061
  7.06688764e-062  2.14740593e-062  4.55776311e-063 -1.41892228e-065
 -6.86304109e-064 -4.80268444e-064 -2.35972305e-064 -9.40370435e-065
 -3.08947956e-065 -7.72357065e-066 -8.09098020e-067  5.84073718e-067
  5.29684380e-067  2.85832217e-067  1.21942797e-067  4.30023510e-068
  1.20698342e-068  2.07097932e-069 -3.48637636e-070 -5.52385764e-070
 -3.36266984e-070 -1.54191078e-070 -5.81532920e-071 -1.78823523e-071
 -3.90826683e-072 -7.67296114e-074  5.28594185e-073  3.82367052e-073
  1.90111122e-073  7.65934032e-074  2.54605937e-074  6.48615753e-075
  7.62915962e-076 -4.31733559e-076 -4.16449892e-076 -2.28283013e-076
 -9.83989295e-077 -3.50915449e-077 -9.99565646e-078 -1.79789425e-078
  2.27281561e-079  4.27323179e-079  2.66152462e-079  1.23380215e-079
  4.70204146e-080  1.46455719e-080  3.28869274e-081  1.28825668e-082
 -3.99536306e-082 -2.99580069e-082 -1.50926884e-082 -6.14123146e-083
 -2.06504634e-083 -5.36121631e-084 -6.91998919e-085  3.12495625e-085
  3.22355439e-085  1.79792547e-085  7.82937502e-086  2.82146948e-086
  8.15752077e-087  1.53046914e-087 -1.39379182e-088 -3.25662161e-088
 -2.07829702e-088 -9.74641490e-089 -3.75099015e-089 -1.18305949e-089
 -2.72589591e-090 -1.54063592e-091  2.97452979e-091  2.31682235e-091
  1.18373402e-091  4.86410257e-092  1.65362794e-092  4.37278676e-093
  6.10615963e-094 -2.21713686e-094 -2.46429352e-094 -1.39965824e-094
 -6.15960509e-095 -2.24209119e-095 -6.57651634e-096 -1.28236015e-096
  7.76480953e-098  2.45166062e-097  1.60490418e-097  7.61761388e-098
  2.96023725e-098  9.44955646e-099  2.23090044e-099  1.61130740e-100
 -2.18512059e-100 -1.77273263e-100 -9.19042623e-101 -3.81419511e-101
 -1.31051151e-101 -3.52684655e-102 -5.27291629e-103  1.54061025e-103
  1.86445178e-103  1.07910333e-103  4.80047641e-104  1.76469696e-104
  5.24826965e-105  1.06024108e-105 -3.58052419e-107 -1.82620417e-106
 -1.22789577e-106 -5.90067822e-107 -2.31540584e-107 -7.47766102e-108
 -1.80621002e-108 -1.56412848e-109  1.58530145e-109  1.34430110e-109
  7.07464333e-110  2.96583638e-110  1.02967217e-110  2.81778517e-111
  4.47358452e-112 -1.04624614e-112 -1.39806751e-112 -8.25182992e-113
 -3.71146145e-113 -1.37781588e-113 -4.15260866e-114 -8.66690875e-115
  8.66764869e-117  1.34741424e-115  9.32061521e-116  4.53602185e-116
  1.79735671e-116  5.87086384e-117  1.44896621e-117  1.44643570e-118
 -1.13635131e-118 -1.01153026e-118 -5.40636176e-119 -2.28963926e-119
 -8.03106613e-120 -2.23319563e-120 -3.73987926e-121  6.91818151e-122
  1.04007398e-121  6.26591154e-122  2.84988567e-122  1.06835920e-122
  3.26173976e-123  7.01594354e-124  7.91957729e-126 -9.85467287e-125
 -7.02663845e-125 -3.46415785e-125 -1.38612944e-125 -4.57825754e-126
 -1.15318857e-126 -1.29230492e-127  8.04824050e-128  7.55934293e-128
  4.10545288e-128  1.75664566e-128  6.22436533e-129  1.75758687e-129
  3.08779849e-130 -4.42536575e-131 -7.68227753e-131 -4.72879713e-131
 -2.17532342e-131 -8.23459638e-132 -2.54577279e-132 -5.63161404e-133
 -1.71771561e-134  7.14820898e-134  5.26522558e-134  2.63046455e-134
  1.06291786e-134  3.54925063e-135  9.11450157e-136  1.12508845e-136
 -5.63024031e-137 -5.61457743e-137 -3.10031448e-137 -1.34040723e-137
 -4.79742351e-138 -1.37484309e-138 -2.52237141e-139  2.70698458e-140
  5.63710885e-140  3.54938631e-140  1.65176403e-140  6.31369276e-141
  1.97590249e-141  4.48702183e-142  2.15193539e-143 -5.14402886e-143
 -3.92397850e-143 -1.98732771e-143 -8.10992106e-144 -2.73724949e-144
 -7.15993809e-145 -9.59856668e-146  3.88721528e-146  4.14684531e-146
  2.32973176e-146  1.01788486e-146  3.67952078e-147  1.06964379e-147
  2.04153139e-148 -1.54858251e-149 -4.11103247e-149 -2.65116034e-149
 -1.24840076e-149 -4.81836400e-150 -1.52601442e-150 -3.55166140e-151
 -2.27013205e-152  3.67297111e-152  2.91002223e-152  1.49466551e-152
  6.16020848e-153  2.10127025e-153  5.59395401e-154  8.05600549e-155
 -2.64504016e-155 -3.04701929e-155 -1.74292476e-155 -7.69651225e-156
 -2.80979425e-156 -8.28180372e-157 -1.63903323e-157  7.87972496e-159
  2.98062750e-158  1.97150306e-158  9.39615780e-159  3.66188298e-159
  1.17334038e-159  2.79485092e-160  2.19629790e-161 -2.60207154e-161
 -2.14834273e-161 -1.11956546e-161 -4.66052809e-162 -1.60637049e-162
 -4.34913541e-163 -6.67045885e-164  1.76996344e-164  2.22811100e-164
  1.29868143e-164  5.79706715e-165  2.13721963e-165  6.38439005e-166
  1.30650533e-166 -3.04900873e-168 -2.14889609e-167 -1.46016074e-167
 -7.04546844e-168 -2.77252953e-168 -8.98566415e-169 -2.18774014e-169
 -2.01551302e-170  1.82856071e-170  1.57939974e-170  8.35500652e-171
  3.51319399e-171  1.22342996e-171  3.36639262e-172  5.46054956e-173
 -1.16089004e-173 -1.62187098e-173 -9.64109501e-174 -4.35108136e-174
 -1.61985457e-174 -4.90229293e-175 -1.03481802e-175  1.17647899e-178
  1.54071387e-176  1.07740786e-176  5.26475147e-177  2.09201523e-177
  6.85640862e-178  1.70435530e-178  1.78428519e-179 -1.27409625e-179
 -1.15658582e-179 -6.21399439e-180 -2.63959202e-180 -9.28600617e-181
 -2.59524099e-181 -4.42663046e-182  7.42455506e-183  1.17543471e-182
  7.13302861e-183  3.25530728e-183  1.22374707e-183  3.75072473e-184
  8.14947421e-185  1.54201555e-186 -1.09859455e-185 -7.92222551e-186
 -3.92172424e-186 -1.57361337e-186 -5.21434567e-187 -1.32201952e-187
 -1.53866800e-188  8.79650160e-189  8.43828473e-189  4.60718497e-189
  1.97723677e-189  7.02620569e-190  1.99338259e-190  3.55818347e-191
 -4.59161508e-192 -8.48288046e-192 -5.26077519e-192 -2.42831289e-192
 -9.21749586e-193 -2.86020327e-193 -6.38481574e-194 -2.37233386e-195
  7.78994491e-195  5.80622774e-195  2.91280863e-195  1.18028020e-195
  3.95345587e-196  1.02138495e-196  1.30043530e-197 -6.01196611e-198
 -6.13472168e-198 -3.40594769e-198 -1.47696525e-198 -5.30106351e-199
 -1.52592327e-199 -2.83892410e-200  2.70597023e-201  6.09660786e-201
  3.86849135e-201  1.80647196e-201  6.92373933e-202  2.17448703e-202
  4.97881498e-203  2.67974764e-204 -5.49220329e-204 -4.24225670e-204
 -2.15760600e-204 -8.82918273e-205 -2.98902615e-205 -7.86238721e-206
 -1.08165656e-206  4.06195561e-207  4.44484985e-207  2.51107930e-207
  1.10042423e-207  3.98886509e-208  1.16443796e-208  2.25019142e-209
 -1.47649929e-210 -4.36364869e-210 -2.83676844e-210 -1.34046233e-210
 -5.18755245e-211 -1.64851585e-211 -3.86580399e-212 -2.67258174e-213
  3.84915398e-213  3.09042654e-213  1.59417038e-213  6.58849468e-214
  2.25396505e-214  6.03191026e-215  8.88008808e-216 -2.70794789e-216
 -3.20983898e-216 -1.84660378e-216 -8.17909348e-217 -2.99406999e-217
 -8.86013741e-218 -1.77309538e-218  6.95663381e-220  3.11045655e-219
  2.07471855e-219  9.92308509e-220  3.87752708e-220  1.24649937e-220
  2.98981269e-221  2.48941355e-222 -2.68060412e-222 -2.24496365e-222
 -1.17507721e-222 -4.90516770e-223 -1.69553748e-223 -4.61315708e-224
 -7.21120405e-225  1.77645254e-225  2.31048029e-225  1.35468555e-225
  6.06558223e-226  2.24219260e-226  6.72345124e-227  1.38978968e-227
 -2.17064898e-229 -2.20793935e-228 -1.51356230e-228 -7.32942940e-229
 -2.89191113e-229 -9.40220745e-230 -2.30395056e-230 -2.22000993e-231
  1.85409622e-231  1.62633512e-231  8.64221280e-232  3.64406743e-232
  1.27256324e-232  3.51786878e-233  5.80191422e-234 -1.14220989e-234
 -1.65779405e-234 -9.91532166e-235 -4.48870412e-235 -1.67550579e-235
 -5.08919644e-236 -1.08414837e-236 -6.14348947e-239  1.56060556e-237
  1.10151736e-237  5.40231287e-238  2.15234630e-238  7.07577617e-239
  1.76948069e-239  1.92054399e-240 -1.27284074e-240 -1.17503748e-240
 -6.34250215e-241 -2.70171369e-241 -9.53069069e-242 -2.67536858e-242
 -4.63085534e-243  7.15432049e-244  1.18569380e-243  7.24141208e-244
  3.31514435e-244  1.24950362e-244  3.84308862e-245  8.42049953e-246
  2.10259340e-247 -1.09817919e-246 -7.99776914e-247 -3.97395948e-247
 -1.59878136e-247 -5.31355528e-248 -1.35477368e-248 -1.62449395e-249
  8.66508568e-250  8.46753376e-250  4.64533566e-250  1.99922535e-250
  7.12355922e-251  2.02948455e-251  3.67043737e-252 -4.32217489e-253
 -8.45319021e-253 -5.27747254e-253 -2.44378304e-253 -9.30032298e-254
 -2.89566079e-254 -6.51414977e-255 -2.77332477e-256  7.69187245e-256
  5.79378796e-256  2.91771902e-256  1.18539354e-256  3.98214678e-257
  1.03425824e-257  1.35033670e-258 -5.84272471e-259 -6.08611706e-259
 -3.39572404e-259 -1.47671721e-259 -5.31430265e-260 -1.53586762e-260
 -2.89133059e-261  2.47417745e-262  6.00696561e-262  3.83837457e-262
  1.79821704e-262  6.90991210e-263  2.17724205e-263  5.02098071e-264
  2.94780639e-265 -5.36097634e-265 -4.18789835e-265 -2.13834095e-265
 -8.77353119e-266 -2.97864613e-266 -7.87436607e-267 -1.10689744e-267
  3.89592073e-268  4.36323685e-268  2.47764733e-268  1.08889243e-268
  3.95745583e-269  1.15970825e-269  2.26513629e-270 -1.29373828e-271
 -4.25445149e-271 -2.78621509e-271 -1.32092080e-271 -5.12508923e-272
 -1.63383314e-272 -3.85702961e-273 -2.83757783e-274  3.71660227e-274
  3.02055937e-274  1.56443154e-274  6.48279308e-275  2.22399622e-275
  5.97999776e-276  8.97009206e-277 -2.56334206e-277 -3.12005248e-277
 -1.80454187e-277 -8.01603162e-278 -2.94202298e-278 -8.73827626e-279
 -1.76584278e-279  5.60625485e-281  3.00289139e-280  2.01860095e-280
  9.68720748e-281  3.79508201e-281  1.22375963e-281  2.95364974e-282
  2.57886408e-283 -2.56171502e-283 -2.17394679e-283 -1.14264427e-283
 -4.78254903e-284 -1.65768655e-284 -4.53056332e-285 -7.19970279e-286
  1.65905967e-286  2.22531572e-286  1.31201684e-286  5.89185101e-287
  2.18359502e-287  6.57105093e-288  1.37049334e-288 -1.22956478e-290
 -2.11194029e-289 -1.45973240e-289 -7.09309832e-290 -2.80585094e-290
 -9.14983521e-291 -2.25528901e-291 -2.25687435e-292  1.75441724e-292
  1.56130669e-292  8.33231430e-293  3.52286947e-293  1.23355953e-293
  3.42475567e-294  5.73158437e-295 -1.05149103e-295 -1.58300504e-295
 -9.52308887e-296 -4.32404151e-296 -1.61817950e-296 -4.93198071e-297
 -1.05936235e-297 -1.23016572e-299  1.47975722e-298  1.05365256e-298
  5.18578102e-299  2.07138807e-299  6.82962370e-300  1.71738485e-300
  1.92278863e-301 -1.19292347e-301 -1.11894270e-301 -6.06655942e-302
 -2.59119958e-302 -9.16515904e-303 -2.58337781e-303 -4.53062341e-304
  6.48023513e-305  1.12307844e-304  6.90080865e-305  3.16882840e-305
  1.19740047e-305  3.69510515e-306  8.15841274e-307  2.47396822e-308
 -1.03268204e-307 -7.59160782e-308 -3.78578223e-308 -1.52699906e-308
 -5.08956869e-309 -1.30446142e-309 -1.60550479e-310  8.04508499e-311
  8.00212644e-311  4.41022497e-311  1.90325540e-311  6.79942341e-312
  1.94480885e-312  3.55916526e-313 -3.83846320e-314 -7.94588942e-314
 -4.99252874e-314 -2.31900030e-314 -8.84783918e-315 -2.76368783e-315
 -6.26168157e-316 -2.96958996e-317  7.17606438e-317  5.45996046e-317
  2.75981661e-317  1.12414164e-317  3.78701812e-318  9.88467256e-319
  1.31964934e-319 -5.37395203e-320 -5.71041073e-320 -3.20154539e-320
 -1.39622952e-320 -5.03946959e-321 -1.46243431e-321 -2.76676762e-322
  1.97626258e-323  5.43472210e-323  3.45845952e-323  1.48219694e-323
  4.94065646e-324  0.00000000e+000  0.00000000e+000  0.00000000e+000
  0.00000000e+000  0.00000000e+000  0.00000000e+000  0.00000000e+000
  0.00000000e+000  0.00000000e+000  0.00000000e+000  0.00000000e+000
  0.00000000e+000  0.00000000e+000  0.00000000e+000  0.00000000e+000
  0.00000000e+000  0.00000000e+000  0.00000000e+000  0.00000000e+000
  0.00000000e+000  0.00000000e+000  0.00000000e+000  0.00000000e+000
  0.00000000e+000  0.00000000e+000  0.00000000e+000  0.00000000e+000
  0.00000000e+000  0.00000000e+000  0.00000000e+000  0.00000000e+000
  0.00000000e+000  0.00000000e+000  0.00000000e+000  0.00000000e+000
  0.00000000e+000  0.00000000e+000  0.00000000e+000  0.00000000e+000
  0.00000000e+000  0.00000000e+000  0.00000000e+000  0.00000000e+000
  0.00000000e+000  0.00000000e+000  0.00000000e+000  0.00000000e+000
  0.00000000e+000  0.00000000e+000  0.00000000e+000  0.00000000e+000
  0.00000000e+000  0.00000000e+000  0.00000000e+000  0.00000000e+000
  0.00000000e+000  0.00000000e+000  0.00000000e+000  0.00000000e+000
  0.00000000e+000  0.00000000e+000  0.00000000e+000  0.00000000e+000
  0.00000000e+000  0.00000000e+000  0.00000000e+000  0.00000000e+000
  0.00000000e+000  0.00000000e+000  0.00000000e+000  0.00000000e+000
  0.00000000e+000  0.00000000e+000  0.00000000e+000  0.00000000e+000
  0.00000000e+000  0.00000000e+000  0.00000000e+000  0.00000000e+000
  0.00000000e+000  0.00000000e+000  0.00000000e+000  0.00000000e+000
  0.00000000e+000  0.00000000e+000  0.00000000e+000  0.00000000e+000
  0.00000000e+000  0.00000000e+000  0.00000000e+000  0.00000000e+000
  0.00000000e+000  0.00000000e+000  0.00000000e+000  0.00000000e+000
  0.00000000e+000  0.00000000e+000  0.00000000e+000  0.00000000e+000
  0.00000000e+000  0.00000000e+000  0.00000000e+000  0.00000000e+000
  0.00000000e+000  0.00000000e+000  0.00000000e+000  0.00000000e+000
  0.00000000e+000  0.00000000e+000  0.00000000e+000  0.00000000e+000
  0.00000000e+000  0.00000000e+000  0.00000000e+000  0.00000000e+000
  0.00000000e+000  0.00000000e+000  0.00000000e+000  0.00000000e+000
  0.00000000e+000  0.00000000e+000  0.00000000e+000  0.00000000e+000
  0.00000000e+000  0.00000000e+000  0.00000000e+000  0.00000000e+000
  0.00000000e+000  0.00000000e+000  0.00000000e+000  0.00000000e+000
  0.00000000e+000  0.00000000e+000  0.00000000e+000  0.00000000e+000
  0.00000000e+000  0.00000000e+000  0.00000000e+000  0.00000000e+000
  0.00000000e+000  0.00000000e+000  0.00000000e+000  0.00000000e+000
  0.00000000e+000  0.00000000e+000  0.00000000e+000  0.00000000e+000
  0.00000000e+000  0.00000000e+000  0.00000000e+000  0.00000000e+000
  0.00000000e+000  0.00000000e+000  0.00000000e+000  0.00000000e+000
  0.00000000e+000  0.00000000e+000  0.00000000e+000  0.00000000e+000
  0.00000000e+000  0.00000000e+000  0.00000000e+000  0.00000000e+000
  0.00000000e+000  0.00000000e+000  0.00000000e+000  0.00000000e+000
  0.00000000e+000  0.00000000e+000  0.00000000e+000  0.00000000e+000
  0.00000000e+000  0.00000000e+000  0.00000000e+000  0.00000000e+000
  0.00000000e+000  0.00000000e+000  0.00000000e+000  0.00000000e+000
  0.00000000e+000  0.00000000e+000  0.00000000e+000  0.00000000e+000
  0.00000000e+000  0.00000000e+000  0.00000000e+000  0.00000000e+000
  0.00000000e+000  0.00000000e+000  0.00000000e+000  0.00000000e+000
  0.00000000e+000  0.00000000e+000  0.00000000e+000  0.00000000e+000
  0.00000000e+000  0.00000000e+000  0.00000000e+000  0.00000000e+000
  0.00000000e+000  0.00000000e+000  0.00000000e+000  0.00000000e+000
  0.00000000e+000  0.00000000e+000  0.00000000e+000  0.00000000e+000
  0.00000000e+000  0.00000000e+000  0.00000000e+000  0.00000000e+000
  0.00000000e+000  0.00000000e+000  0.00000000e+000  0.00000000e+000]