[ 0.00000000e+000  5.00000000e-001  0.00000000e+000 -1.25000000e-001
  0.00000000e+000  3.12500000e-002  0.00000000e+000 -7.81250000e-003
  0.00000000e+000  1.95312500e-003  0.00000000e+000 -4.88281250e-004
  0.00000000e+000  1.22070312e-004  0.00000000e+000 -3.05175781e-005
  0.00000000e+000  7.62939453e-006  0.00000000e+000 -1.90734863e-006
  0.00000000e+000  4.76837158e-007  0.00000000e+000 -1.19209290e-007
  0.00000000e+000  2.98023224e-008  0.00000000e+000 -7.45058060e-009
  0.00000000e+000  1.86264515e-009  0.00000000e+000 -4.65661287e-010
  0.00000000e+000  1.16415322e-010  0.00000000e+000 -2.91038305e-011
  0.00000000e+000  7.27595761e-012  0.00000000e+000 -1.81898940e-012
  0.00000000e+000  4.54747351e-013  0.00000000e+000 -1.13686838e-013
  0.00000000e+000  2.84217094e-014  0.00000000e+000 -7.10542736e-015
  0.00000000e+000  1.77635684e-015  0.00000000e+000 -4.44089210e-016
  0.00000000e+000  1.11022302e-016  0.00000000e+000 -2.77555756e-017
  0.00000000e+000  6.93889390e-018  0.00000000e+000 -1.73472348e-018
  0.00000000e+000  4.33680869e-019  0.00000000e+000 -1.08420217e-019
  0.00000000e+000  2.71050543e-020  0.00000000e+000 -6.77626358e-021
  0.00000000e+000  1.69406589e-021  0.00000000e+000 -4.23516474e-022
  0.00000000e+000  1.05879118e-022  0.00000000e+000 -2.64697796e-023
  0.00000000e+000  6.61744490e-024  0.00000000e+000 -1.65436123e-024
  0.00000000e+000  4.13590306e-025  0.00000000e+000 -1.03397577e-025
  0.00000000e+000  2.58493941e-026  0.00000000e+000 -6.46234854e-027
  0.00000000e+000  1.61558713e-027  0.00000000e+000 -4.03896783e-028
  0.00000000e+000  1.00974196e-028  0.00000000e+000 -2.52435490e-029
  0.00000000e+000  6.31088724e-030  0.00000000e+000 -1.57772181e-030
  0.00000000e+000  3.94430453e-031  0.00000000e+000 -9.86076132e-032
  0.00000000e+000  2.46519033e-032  0.00000000e+000 -6.16297582e-033
  0.00000000e+000  1.54074396e-033  0.00000000e+000 -3.85185989e-034
  0.00000000e+000  9.62964972e-035  0.00000000e+000 -2.40741243e-035
  0.00000000e+000  6.01853108e-036  0.00000000e+000 -1.50463277e-036
  0.00000000e+000  3.76158192e-037  0.00000000e+000 -9.40395481e-038
  0.00000000e+000  2.35098870e-038  0.00000000e+000 -5.87747175e-039
  0.00000000e+000  1.46936794e-039  0.00000000e+000 -3.67341985e-040
  0.00000000e+000  9.18354962e-041  0.00000000e+000 -2.29588740e-041
  0.00000000e+000  5.73971851e-042  0.00000000e+000 -1.43492963e-042
  0.00000000e+000  3.58732407e-043  0.00000000e+000 -8.96831017e-044
  0.00000000e+000  2.24207754e-044  0.00000000e+000 -5.60519386e-045
  0.00000000e+000  1.40129846e-045  0.00000000e+000 -3.50324616e-046
  0.00000000e+000  8.75811540e-047  0.00000000e+000 -2.18952885e-047
  0.00000000e+000  5.47382213e-048  0.00000000e+000 -1.36845553e-048
  0.00000000e+000  3.42113883e-049  0.00000000e+000 -8.55284707e-050
  0.00000000e+000  2.13821177e-050  0.00000000e+000 -5.34552942e-051
  0.00000000e+000  1.33638236e-051  0.00000000e+000 -3.34095589e-052
  0.00000000e+000  8.35238972e-053  0.00000000e+000 -2.08809743e-053
  0.00000000e+000  5.22024357e-054  0.00000000e+000 -1.30506089e-054
  0.00000000e+000  3.26265223e-055  0.00000000e+000 -8.15663058e-056
  0.00000000e+000  2.03915765e-056  0.00000000e+000 -5.09789412e-057
  0.00000000e+000  1.27447353e-057  0.00000000e+000 -3.18618382e-058
  0.00000000e+000  7.96545956e-059  0.00000000e+000 -1.99136489e-059
  0.00000000e+000  4.97841222e-060  0.00000000e+000 -1.24460306e-060
  0.00000000e+000  3.11150764e-061  0.00000000e+000 -7.77876910e-062
  0.00000000e+000  1.94469227e-062  0.00000000e+000 -4.86173069e-063
  0.00000000e+000  1.21543267e-063  0.00000000e+000 -3.03858168e-064
  0.00000000e+000  7.59645420e-065  0.00000000e+000 -1.89911355e-065
  0.00000000e+000  4.74778387e-066  0.00000000e+000 -1.18694597e-066
  0.00000000e+000  2.96736492e-067  0.00000000e+000 -7.41841230e-068
  0.00000000e+000  1.85460308e-068  0.00000000e+000 -4.63650769e-069
  0.00000000e+000  1.15912692e-069  0.00000000e+000 -2.89781731e-070
  0.00000000e+000  7.24454326e-071  0.00000000e+000 -1.81113582e-071
  0.00000000e+000  4.52783954e-072  0.00000000e+000 -1.13195988e-072
  0.00000000e+000  2.82989971e-073  0.00000000e+000 -7.07474928e-074
  0.00000000e+000  1.76868732e-074  0.00000000e+000 -4.42171830e-075
  0.00000000e+000  1.10542958e-075  0.00000000e+000 -2.76357394e-076
  0.00000000e+000  6.90893484e-077  0.00000000e+000 -1.72723371e-077
  0.00000000e+000  4.31808428e-078  0.00000000e+000 -1.07952107e-078
  0.00000000e+000  2.69880267e-079  0.00000000e+000 -6.74700668e-080
  0.00000000e+000  1.68675167e-080  0.00000000e+000 -4.21687918e-081
  0.00000000e+000  1.05421979e-081  0.00000000e+000 -2.63554949e-082
  0.00000000e+000  6.58887371e-083  0.00000000e+000 -1.64721843e-083
  0.00000000e+000  4.11804607e-084  0.00000000e+000 -1.02951152e-084
  0.00000000e+000  2.57377879e-085  0.00000000e+000 -6.43444699e-086
  0.00000000e+000  1.60861175e-086  0.00000000e+000 -4.02152937e-087
  0.00000000e+000  1.00538234e-087  0.00000000e+000 -2.51345585e-088
  0.00000000e+000  6.28363964e-089  0.00000000e+000 -1.57090991e-089
  0.00000000e+000  3.92727477e-090  0.00000000e+000 -9.81818693e-091
  0.00000000e+000  2.45454673e-091  0.00000000e+000 -6.13636683e-092
  0.00000000e+000  1.53409171e-092  0.00000000e+000 -3.83522927e-093
  0.00000000e+000  9.58807317e-094  0.00000000e+000 -2.39701829e-094
  0.00000000e+000  5.99254573e-095  0.00000000e+000 -1.49813643e-095
  0.00000000e+000  3.74534108e-096  0.00000000e+000 -9.36335271e-097
  0.00000000e+000  2.34083818e-097  0.00000000e+000 -5.85209544e-098
  0.00000000e+000  1.46302386e-098  0.00000000e+000 -3.65755965e-099
  0.00000000e+000  9.14389913e-100  0.00000000e+000 -2.28597478e-100
  0.00000000e+000  5.71493696e-101  0.00000000e+000 -1.42873424e-101
  0.00000000e+000  3.57183560e-102  0.00000000e+000 -8.92958899e-103
  0.00000000e+000  2.23239725e-103  0.00000000e+000 -5.58099312e-104
  0.00000000e+000  1.39524828e-104  0.00000000e+000 -3.48812070e-105
  0.00000000e+000  8.72030175e-106  0.00000000e+000 -2.18007544e-106
  0.00000000e+000  5.45018860e-107  0.00000000e+000 -1.36254715e-107
  0.00000000e+000  3.40636787e-108  0.00000000e+000 -8.51591968e-109
  0.00000000e+000  2.12897992e-109  0.00000000e+000 -5.32244980e-110
  0.00000000e+000  1.33061245e-110  0.00000000e+000 -3.32653113e-111
  0.00000000e+000  8.31632781e-112  0.00000000e+000 -2.07908195e-112
  0.00000000e+000  5.19770488e-113  0.00000000e+000 -1.29942622e-113
  0.00000000e+000  3.24856555e-114  0.00000000e+000 -8.12141388e-115
  0.00000000e+000  2.03035347e-115  0.00000000e+000 -5.07588367e-116
  0.00000000e+000  1.26897092e-116  0.00000000e+000 -3.17242730e-117
  0.00000000e+000  7.93106824e-118  0.00000000e+000 -1.98276706e-118
  0.00000000e+000  4.95691765e-119  0.00000000e+000 -1.23922941e-119
  0.00000000e+000  3.09807353e-120  0.00000000e+000 -7.74518383e-121
  0.00000000e+000  1.93629596e-121  0.00000000e+000 -4.84073989e-122
  0.00000000e+000  1.21018497e-122  0.00000000e+000 -3.02546243e-123
  0.00000000e+000  7.56365608e-124  0.00000000e+000 -1.89091402e-124
  0.00000000e+000  4.72728505e-125  0.00000000e+000 -1.18182126e-125
  0.00000000e+000  2.95455316e-126  0.00000000e+000 -7.38638289e-127
  0.00000000e+000  1.84659572e-127  0.00000000e+000 -4.61648931e-128
  0.00000000e+000  1.15412233e-128  0.00000000e+000 -2.88530582e-129
  0.00000000e+000  7.21326455e-130  0.00000000e+000 -1.80331614e-130
  0.00000000e+000  4.50829034e-131  0.00000000e+000 -1.12707259e-131
  0.00000000e+000  2.81768146e-132  0.00000000e+000 -7.04420366e-133
  0.00000000e+000  1.76105091e-133  0.00000000e+000 -4.40262729e-134
  0.00000000e+000  1.10065682e-134  0.00000000e+000 -2.75164205e-135
  0.00000000e+000  6.87910513e-136  0.00000000e+000 -1.71977628e-136
  0.00000000e+000  4.29944071e-137  0.00000000e+000 -1.07486018e-137
  0.00000000e+000  2.68715044e-138  0.00000000e+000 -6.71787611e-139
  0.00000000e+000  1.67946903e-139  0.00000000e+000 -4.19867257e-140
  0.00000000e+000  1.04966814e-140  0.00000000e+000 -2.62417035e-141
  0.00000000e+000  6.56042589e-142  0.00000000e+000 -1.64010647e-142
  0.00000000e+000  4.10026618e-143  0.00000000e+000 -1.02506654e-143
  0.00000000e+000  2.56266636e-144  0.00000000e+000 -6.40666590e-145
  0.00000000e+000  1.60166648e-145  0.00000000e+000 -4.00416619e-146
  0.00000000e+000  1.00104155e-146  0.00000000e+000 -2.50260387e-147
  0.00000000e+000  6.25650967e-148  0.00000000e+000 -1.56412742e-148
  0.00000000e+000  3.91031855e-149  0.00000000e+000 -9.77579636e-150
  0.00000000e+000  2.44394909e-150  0.00000000e+000 -6.10987273e-151]