[1.00000000e+000 1.10000000e+001 8.40000000e+001 7.18666667e+002
 6.05750000e+003 5.12143667e+004 4.32818750e+005 3.65820459e+006
 3.09187479e+007 2.61323013e+008 2.20868145e+009 1.86676042e+010
 1.57777137e+011 1.33352008e+012 1.12708079e+013 9.52599910e+013
 8.05130029e+014 6.80489633e+015 5.75144541e+016 4.86107689e+017
 4.10854435e+018 3.47250970e+019 2.93493817e+020 2.48058689e+021
 2.09657273e+022 1.77200695e+023 1.49768648e+024 1.26583296e+025
 1.06987216e+026 9.04247624e+026 7.64263053e+027 6.45949183e+028
 5.45951221e+029 4.61433722e+030 3.90000190e+031 3.29625125e+032
 2.78596590e+033 2.35467669e+034 1.99015441e+035 1.68206301e+036
 1.42166657e+037 1.20158152e+038 1.01556734e+039 8.58349613e+039
 7.25470412e+040 6.13161945e+041 5.18239703e+042 4.38012163e+043
 3.70204470e+044 3.12893937e+045 2.64455520e+046 2.23515747e+047
 1.88913769e+048 1.59668447e+049 1.34950529e+050 1.14059136e+051
 9.64018941e+051 8.14781305e+052 6.88646817e+053 5.82038929e+054
 4.91934772e+055 4.15779440e+056 3.51413546e+057 2.97011994e+058
 2.51032225e+059 2.12170483e+060 1.79324840e+061 1.51563959e+062
 1.28100678e+063 1.08269696e+064 9.15087045e+064 7.73424447e+065
 6.53692322e+066 5.52495662e+067 4.66965033e+068 3.94675211e+069
 3.33576416e+070 2.81936190e+071 2.38290273e+072 2.01401084e+073
 1.70222629e+074 1.43870841e+075 1.21598515e+076 1.02774118e+077
 8.68638845e+077 7.34166790e+078 6.20512056e+079 5.24451960e+080
 4.43262714e+081 3.74642195e+082 3.16644667e+083 2.67625608e+084
 2.26195080e+085 1.91178321e+086 1.61582429e+087 1.36568211e+088
 1.15426389e+089 9.75574855e+089 8.24548273e+090 6.96901782e+091
 5.89015961e+092 4.97831706e+093 4.20763482e+094 3.55626020e+095
 3.00572344e+096 2.54041405e+097 2.14713818e+098 1.81474448e+099
 1.53380791e+100 1.29636250e+101 1.09567550e+102 9.26056401e+102
 7.82695661e+103 6.61528280e+104 5.59118553e+105 4.72562649e+106
 3.99406272e+107 3.37575072e+108 2.85315823e+109 2.41146713e+110
 2.03815325e+111 1.72263126e+112 1.45595453e+113 1.23056144e+114
 1.04006095e+115 8.79051416e+115 7.42967414e+116 6.27950275e+117
 5.30738684e+118 4.48576204e+119 3.79133116e+120 3.20440359e+121
 2.70833697e+122 2.28906532e+123 1.93470019e+124 1.63519354e+125
 1.38205285e+126 1.16810031e+127 9.87269292e+127 8.34432320e+128
 7.05255702e+129 5.96076629e+130 5.03799327e+131 4.25807270e+132
 3.59888990e+133 3.04175373e+134 2.57086657e+135 2.17287641e+136
 1.83649823e+137 1.55219401e+138 1.31190229e+139 1.10880961e+140
 9.37157249e+140 7.92078012e+141 6.69458170e+142 5.65820834e+143
 4.78227364e+144 4.04194046e+145 3.41621661e+146 2.88735969e+147
 2.44037393e+148 2.06258505e+149 1.74328083e+150 1.47340739e+151
 1.24531245e+152 1.05252839e+153 8.89588804e+153 7.51873533e+154
 6.35477657e+155 5.37100769e+156 4.53953389e+157 3.83677871e+158
 3.24281550e+159 2.74080242e+160 2.31650487e+161 1.95789188e+162
 1.65479498e+163 1.39861983e+164 1.18210260e+165 9.99103913e+165
 8.44434850e+166 7.13709762e+167 6.03221935e+168 5.09838484e+169
 4.30911518e+170 3.64203061e+171 3.07821592e+172 2.60168413e+173
 2.19892318e+174 1.85851275e+175 1.57080051e+176 1.32762836e+177
 1.12210116e+178 9.48391165e+178 8.01572830e+179 6.77483117e+180
 5.72603456e+181 4.83959984e+182 4.09039211e+183 3.45716757e+184
 2.92197112e+185 2.46962725e+186 2.08730973e+187 1.76417793e+188
 1.49106946e+189 1.26024030e+190 1.06514529e+191 9.00252507e+191
 7.60886411e+192 6.43095272e+193 5.43539118e+194 4.59395031e+195
 3.88277104e+196 3.28168786e+197 2.77365704e+198 2.34427334e+199
 1.98136158e+200 1.67463138e+201 1.41538541e+202 1.19627273e+203
 1.01108040e+204 8.54557282e+204 7.22265163e+205 6.10452893e+206
 5.15950033e+207 4.36076952e+208 3.68568845e+209 3.11511519e+210
 2.63287111e+211 2.22528217e+212 1.88079117e+213 1.58963005e+214
 1.34354295e+215 1.13555204e+216 9.59759745e+216 8.11181466e+217
 6.85604260e+218 5.79467384e+219 4.89761322e+220 4.13942457e+221
 3.49860943e+222 2.95699745e+223 2.49923123e+224 2.11233078e+225
 1.78532553e+226 1.50894324e+227 1.27534708e+228 1.07791343e+229
 9.11044038e+229 7.70007329e+230 6.50804201e+231 5.50054644e+232
 4.64901904e+233 3.92931470e+234 3.32102620e+235 2.80690549e+236
 2.37237467e+237 2.00511261e+238 1.69470557e+239 1.43235195e+240
 1.21061272e+241 1.02320045e+242 8.64801054e+242 7.30923119e+243
 6.17770530e+244 5.22134843e+245 4.41304305e+246 3.72986964e+247
 3.15245678e+248 2.66443193e+249 2.25195713e+250 1.90333664e+251
 1.60868531e+252 1.35964830e+253 1.14916416e+254 9.71264603e+254
 8.20905282e+255 6.93822754e+256 5.86413591e+257 4.95632202e+258
 4.18904479e+259 3.54054805e+260 2.99244365e+261 2.52919008e+262
 2.13765177e+263 1.80672663e+264 1.52703129e+265 1.29063496e+266
 1.09083462e+267 9.21964929e+267 7.79237582e+268 6.58605538e+269
 5.56648274e+270 4.70474788e+271 3.97641629e+272 3.36083609e+273
 2.84055250e+274 2.40081287e+275 2.02914835e+276 1.71502039e+277]