[ 0.00000000e+00  1.00000000e+00 -2.05000000e+00  6.83333333e-02
 -1.70833333e-03  3.41666667e-05 -3.33339028e-02  1.95714294e-01
 -4.57595238e-01  5.07144577e-01 -2.40374052e-01  2.66524674e-02
 -1.37696003e-02  5.37166830e-02 -1.35425724e-01  2.12402802e-01
 -2.09840863e-01  1.26267785e-01 -4.54513431e-02  2.32209754e-02
 -4.53794648e-02  8.24668596e-02 -1.08573560e-01  1.02450329e-01
 -6.89979496e-02  3.58436125e-02 -2.41781820e-02  3.31712582e-02
 -4.92945665e-02  5.87384719e-02 -5.43135091e-02  3.94934740e-02
 -2.50842812e-02  1.95254867e-02 -2.30070587e-02  2.96510489e-02
 -3.30378098e-02  3.03200191e-02 -2.34012465e-02  1.68627519e-02
 -1.41817856e-02  1.54405468e-02 -1.80509225e-02  1.91464085e-02
 -1.75491535e-02  1.42050895e-02 -1.11256887e-02  9.77717878e-03
 -1.01579248e-02  1.11095113e-02 -1.13646723e-02  1.04324009e-02
 -8.76740542e-03  7.26475933e-03 -6.55158412e-03  6.60454582e-03
 -6.89900051e-03  6.87492190e-03 -6.32789735e-03  5.47411288e-03
 -4.71420901e-03  4.31841699e-03 -4.26536082e-03  4.31563081e-03
 -4.22115221e-03  3.89712082e-03 -3.44592549e-03  3.04746334e-03
 -2.81856924e-03  2.74458764e-03 -2.71574099e-03  2.62182222e-03
 -2.42779332e-03  2.18205300e-03 -1.96553151e-03  1.82878613e-03
 -1.76289126e-03  1.71734125e-03 -1.64304196e-03  1.52558182e-03
 -1.38779682e-03  1.26613126e-03 -1.18244251e-03  1.13162553e-03
 -1.09038230e-03  1.03678630e-03 -9.64937367e-04  8.85585357e-04
 -8.15144595e-04  7.63040727e-04 -7.26461787e-04  6.94634335e-04
 -6.57740002e-04  6.13373435e-04 -5.66579674e-04  5.24746381e-04
 -4.91920415e-04  4.66589563e-04 -4.43759236e-04  4.19020147e-04
 -3.91394193e-04  3.63239637e-04 -3.37875629e-04  3.17027826e-04
 -2.99895402e-04  2.84155949e-04 -2.67822272e-04  2.50496054e-04
 -2.33273848e-04  2.17642287e-04 -2.04329612e-04  1.92915650e-04
 -1.82316489e-04  1.71632363e-04 -1.60699510e-04  1.50024225e-04
 -1.40269100e-04  1.31736603e-04 -1.24207266e-04  1.17172749e-04
 -1.10223085e-04  1.03289340e-04 -9.66030253e-05  9.04572501e-05
 -8.49745151e-05  8.00402206e-05 -7.54144329e-05  7.09087377e-05
 -6.64927952e-05  6.22710311e-05 -5.83716353e-05  5.48421740e-05
 -5.16225938e-05  4.85986826e-05 -4.56828254e-05  4.28607110e-05
 -4.01785086e-05  3.76913033e-05 -3.54161840e-05  3.33214529e-05
 -3.13521353e-05  2.94668438e-05 -2.76582076e-05  2.59460211e-05
 -2.43532999e-05  2.28852091e-05 -2.15248372e-05  2.02453413e-05
 -1.90267677e-05  1.78649650e-05 -1.67679994e-05  1.57450415e-05
 -1.47969068e-05  1.39144463e-05 -1.30843160e-05  1.22966478e-05
 -1.15489264e-05  1.08441429e-05 -1.01856396e-05  9.57286569e-06
 -9.00078882e-06  8.46263015e-06 -7.95336001e-06  7.47137807e-06
 -7.01757402e-06  6.59293714e-06 -6.19665317e-06  5.82590238e-06
 -5.47715351e-06  5.14775527e-06 -4.83666139e-06  4.54395727e-06
 -4.26975200e-06  4.01332553e-06 -3.77306684e-06  3.54708475e-06
 -3.33393182e-06  3.13291544e-06 -2.94386122e-06  2.76659951e-06
 -2.60058345e-06  2.44487452e-06 -2.29843023e-06  2.16043289e-06
 -2.03042230e-06  1.90817808e-06 -1.79348183e-06  1.68594602e-06
 -1.58501370e-06  1.49009359e-06 -1.40070921e-06  1.31655497e-06
 -1.23743795e-06  1.16316766e-06 -1.09347949e-06  1.02803726e-06
 -9.66496596e-07  9.08572404e-07 -8.54062264e-07  8.02817774e-07
 -7.54693425e-07  7.09512307e-07 -6.67068497e-07  6.27156654e-07
 -5.89602471e-07  5.54272306e-07 -5.21059077e-07  4.89858536e-07
 -4.60553888e-07  4.33017401e-07 -4.07124182e-07  3.82765868e-07
 -3.59854498e-07  3.38315580e-07 -3.18077062e-07  2.99062418e-07
 -2.81191593e-07  2.64387388e-07 -2.48581584e-07  2.33716446e-07
 -2.19741313e-07  2.06607457e-07 -1.94264958e-07  1.82663224e-07
 -1.71753925e-07  1.61493717e-07 -1.51844792e-07  1.42773195e-07
 -1.34246420e-07  1.26231990e-07 -1.18697717e-07  1.11613048e-07
 -1.04950260e-07  9.86846401e-08 -9.27936499e-08  8.72557967e-08
 -8.20499797e-08  7.71556162e-08 -7.25532466e-08  6.82250546e-08
 -6.41549087e-08  6.03279475e-08 -5.67300422e-08  5.33474930e-08
 -5.01670843e-08  4.71763538e-08 -4.43638125e-08  4.17189422e-08
 -3.92319866e-08  3.68936934e-08 -3.46951698e-08  3.26279041e-08
 -3.06838822e-08  2.88556773e-08 -2.71364367e-08  2.55197748e-08
 -2.39996477e-08  2.25702828e-08 -2.12261848e-08  1.99621843e-08
 -1.87734722e-08  1.76555861e-08 -1.66043551e-08  1.56158376e-08
 -1.46862857e-08  1.38121448e-08 -1.29900731e-08  1.22169524e-08
 -1.14898779e-08  1.08061291e-08 -1.01631379e-08  9.55847015e-09
 -8.98982366e-09  8.45503407e-09 -7.95207780e-09  7.47906441e-09
 -7.03422086e-09  6.61587506e-09 -6.22244570e-09  5.85243982e-09
 -5.50445401e-09  5.17717406e-09 -4.86936978e-09  4.57988632e-09
 -4.30763528e-09  4.05158908e-09 -3.81077867e-09  3.58429320e-09
 -3.37127864e-09  3.17093449e-09 -2.98250877e-09  2.80529316e-09
 -2.63861966e-09  2.48185886e-09 -2.33441910e-09  2.19574520e-09
 -2.06531621e-09  1.94264257e-09 -1.82726331e-09  1.71874405e-09
 -1.61667576e-09  1.52067389e-09 -1.43037737e-09  1.34544716e-09
 -1.26556456e-09  1.19042956e-09 -1.11975963e-09  1.05328879e-09
 -9.90767003e-10  9.31959366e-10 -8.76645204e-10  8.24617032e-10
 -7.75679584e-10  7.29649028e-10 -6.86352368e-10  6.45626939e-10
 -6.07319882e-10  5.71287543e-10 -5.37394834e-10  5.05514642e-10
 -4.75527330e-10  4.47320330e-10 -4.20787792e-10  3.95830217e-10
 -3.72354074e-10  3.50271404e-10 -3.29499446e-10  3.09960321e-10
 -2.91580762e-10  2.74291865e-10 -2.58028852e-10  2.42730818e-10
 -2.28340481e-10  2.14803948e-10 -2.02070513e-10  1.90092474e-10
 -1.78824967e-10  1.68225811e-10 -1.58255336e-10  1.48876236e-10
 -1.40053409e-10  1.31753835e-10 -1.23946447e-10  1.16602031e-10
 -1.09693109e-10  1.03193844e-10 -9.70799322e-11  9.13285089e-11
 -8.59180646e-11  8.08283651e-11 -7.60403789e-11  7.15362075e-11
 -6.72990167e-11  6.33129722e-11 -5.95631779e-11  5.60356203e-11
 -5.27171170e-11  4.95952685e-11 -4.66584129e-11  4.38955811e-11
 -4.12964549e-11  3.88513279e-11 -3.65510686e-11  3.43870873e-11
 -3.23513040e-11  3.04361190e-11 -2.86343835e-11  2.69393732e-11
 -2.53447619e-11  2.38445987e-11 -2.24332853e-11  2.11055557e-11
 -1.98564564e-11  1.86813279e-11 -1.75757871e-11  1.65357106e-11
 -1.55572193e-11  1.46366641e-11 -1.37706122e-11  1.29558347e-11
 -1.21892941e-11  1.14681329e-11 -1.07896629e-11  1.01513553e-11
 -9.55083109e-12  8.98585234e-12 -8.45431379e-12  7.95423500e-12
 -7.48375291e-12  7.04111480e-12 -6.62467179e-12  6.23287271e-12
 -5.86425831e-12  5.51745582e-12 -5.19117384e-12  4.88419746e-12
 -4.59538373e-12  4.32365740e-12 -4.06800691e-12  3.82748063e-12
 -3.60118329e-12  3.38827269e-12 -3.18795648e-12  2.99948924e-12
 -2.82216969e-12  2.65533808e-12 -2.49837372e-12  2.35069270e-12
 -2.21174568e-12  2.08101584e-12 -1.95801695e-12  1.84229159e-12
 -1.73340941e-12  1.63096551e-12 -1.53457901e-12  1.44389154e-12
 -1.35856597e-12  1.27828510e-12 -1.20275052e-12  1.13168147e-12
 -1.06481383e-12  1.00189908e-12 -9.42703430e-13  8.87006924e-13
 -8.34602615e-13  7.85295803e-13 -7.38903309e-13  6.95252794e-13
 -6.54182115e-13  6.15538724e-13 -5.79179096e-13  5.44968198e-13
 -5.12778985e-13  4.82491928e-13 -4.53994568e-13  4.27181098e-13
 -4.01951971e-13  3.78213528e-13 -3.55877649e-13  3.34861424e-13
 -3.15086848e-13  2.96480531e-13 -2.78973419e-13  2.62500546e-13
 -2.47000786e-13  2.32416626e-13 -2.18693955e-13  2.05781861e-13
 -1.93632444e-13  1.82200634e-13 -1.71444027e-13  1.61322724e-13
 -1.51799187e-13  1.42838096e-13 -1.34406218e-13  1.26472288e-13
 -1.19006884e-13  1.11982327e-13 -1.05372574e-13  9.91531177e-14
 -9.33009031e-14  8.77942360e-14 -8.26127045e-14  7.77371033e-14
 -7.31493619e-14  6.88324775e-14 -6.47704523e-14  6.09482337e-14
 -5.73516584e-14  5.39674003e-14 -5.07829203e-14  4.77864205e-14
 -4.49667998e-14  4.23136130e-14 -3.98170321e-14  3.74678096e-14
 -3.52572442e-14  3.31771489e-14 -3.12198200e-14  2.93780091e-14
 -2.76448957e-14  2.60140625e-14 -2.44794710e-14  2.30354393e-14
 -2.16766212e-14  2.03979863e-14 -1.91948012e-14  1.80626120e-14
 -1.69972279e-14  1.59947055e-14 -1.50513344e-14  1.41636231e-14
 -1.33282865e-14  1.25422332e-14 -1.18025547e-14  1.11065139e-14
 -1.04515354e-14  9.83519594e-15 -9.25521520e-15  8.70944758e-15]