[ 0.00000000e+000  5.00000000e-001  1.25000000e-002 -8.31250000e-002
 -2.60156250e-003  4.09898438e-003  2.93402995e-004 -8.34362584e-005
 -3.34740726e-005 -1.39828855e-006  3.06467665e-006  3.48588892e-007
 -1.91249097e-007 -3.79869182e-008  6.92898056e-009  3.42805966e-009
  7.39593974e-011 -2.58410609e-010 -3.94879681e-011  1.50337406e-011
  4.50566096e-012 -5.14883640e-013 -3.80327806e-013 -1.54045478e-014
  2.61007773e-014  4.69134268e-015 -1.36853623e-015 -5.20822625e-016
  3.55856511e-017  4.25785954e-017  2.95289005e-018 -2.76138192e-018
 -5.87134221e-019  1.30321079e-019  6.09415079e-020 -1.89384711e-021
 -4.78444986e-021 -4.80179257e-022  2.94178302e-022  7.45435632e-023
 -1.23096559e-023 -7.21150200e-024 -1.44263273e-026  5.39631662e-025
  7.13742288e-026 -3.11979228e-026 -9.44496121e-027  1.11116276e-027
  8.56846807e-028  2.83009322e-029 -6.08853035e-029 -1.00887475e-029
  3.27105835e-030  1.18880543e-030 -9.11976030e-032 -1.01695312e-031
 -6.42723585e-033  6.84245650e-033  1.38148120e-033 -3.36351737e-034
 -1.48499870e-034  5.98549066e-036  1.20191918e-035  1.12207612e-036
 -7.62826796e-037 -1.84937881e-037  3.35347968e-038  1.84052445e-038
 -1.27952219e-040 -1.41163941e-039 -1.75418596e-040  8.40253454e-041
  2.43238080e-041 -3.18288576e-042 -2.26285237e-042 -5.53547676e-044
  1.64469996e-043  2.57830954e-044 -9.10294888e-045 -3.15243352e-045
  2.77567740e-046  2.75881452e-046  1.51280014e-047 -1.89754159e-047
 -3.64082704e-048  9.64138203e-049  4.03346669e-049 -2.03315124e-050
 -3.33378532e-050 -2.83223025e-051  2.16346405e-051  4.99593008e-052
 -9.89545764e-053 -5.10086196e-053  8.28405845e-055  3.99053129e-054
  4.61250226e-055 -2.43137453e-055 -6.70603206e-056  9.69838583e-057
  6.38045675e-057  1.00008112e-058 -4.72760961e-058 -6.97528830e-059
  2.68419218e-059  8.84178169e-060 -8.82669024e-061 -7.89694784e-061
 -3.65574970e-062  5.53719104e-062  1.00659781e-062 -2.89682436e-063
 -1.14814686e-063  6.98547533e-065  9.67149815e-065  7.39210025e-066
 -6.40215768e-066 -1.40560959e-066  3.03362626e-067  1.47095293e-067
 -3.79092686e-069 -1.17182889e-068 -1.25215679e-069  7.29229405e-070
  1.91450895e-070 -3.04524754e-071 -1.86137684e-071 -1.25019310e-073
  1.40396914e-072  1.94248839e-073 -8.15935568e-074 -2.55610160e-074
  2.86476321e-075  2.32807929e-075  8.76418910e-077 -1.66196574e-076
 -2.85604970e-077  8.93076336e-078  3.35594649e-078 -2.40298255e-079
 -2.87890141e-079 -1.95371765e-080  1.94148357e-080  4.04733819e-081
 -9.50163567e-082 -4.34198247e-082  1.54283367e-083  3.51983961e-083
  3.45446316e-084 -2.23428256e-084 -5.58022295e-085  9.72483850e-086
  5.54376980e-086 -1.32734385e-088 -4.25359168e-087 -5.49830704e-088
  2.52668622e-088  7.52835736e-089 -9.39870236e-090 -6.99118984e-090
 -2.02111184e-091  5.07754587e-091  8.23026388e-092 -2.79761115e-092
 -9.97508357e-093  8.25204172e-094  8.71239972e-094  5.16350814e-095
 -5.98105550e-095 -1.18238638e-095  3.01606249e-096  1.30125524e-096
 -5.92611256e-098 -1.07307823e-097 -9.60008144e-099  6.94180800e-099
  1.64838991e-099 -3.13798854e-100 -1.67396876e-100  1.95317613e-102
  1.30605630e-101  1.57079471e-102 -7.92106003e-103 -2.24483271e-103
  3.10237672e-104  2.12585048e-104  4.26858811e-106 -1.57006838e-105
 -2.39468785e-106  8.85746945e-107  2.99887124e-107 -2.82646572e-108
 -2.66681454e-108 -1.35039396e-109  1.86264286e-109  3.48704057e-110
 -9.65921162e-111 -3.94083563e-111  2.19994644e-112  3.30558054e-112
  2.67130992e-113 -2.17781829e-113 -4.91359534e-114  1.01940250e-114
  5.10369596e-115 -1.07803109e-116 -4.04835132e-116 -4.50874874e-117
  2.50465882e-117  6.75126937e-118 -1.02767909e-118 -6.52202869e-119
 -7.26710541e-121  4.89694505e-120  7.00877300e-121 -2.82532090e-121
 -9.08852288e-122  9.65422183e-123  8.23028210e-123  3.45380977e-124
 -5.84621895e-124 -1.03482265e-124  3.11256881e-125  1.20250473e-125
 -7.98621663e-127 -1.02600811e-126 -7.40564872e-128  6.88058583e-128
  1.47383902e-128 -3.32662125e-129 -1.56704154e-129  4.82345147e-131
  1.26362392e-130  1.29593950e-131 -7.96938306e-132 -2.04280357e-132
  3.41119681e-133  2.01412125e-133  4.19174003e-136 -1.53710603e-134
 -2.05798619e-135  9.06080690e-136  2.77052977e-136 -3.28861441e-137
 -2.55560184e-137 -8.49350827e-139  1.84564076e-138  3.08328173e-139
 -1.00740752e-139 -3.68975565e-140  2.85379665e-141  3.20274150e-141
  2.03536187e-142 -2.18528991e-142 -4.43979568e-143  1.08894292e-143
  4.83682162e-144 -1.96702445e-145 -3.96499672e-145 -3.71955363e-146
  2.54754493e-146  6.20803425e-147 -1.13355346e-147 -6.25088763e-148
  4.45302722e-150  4.84828388e-149  6.05005884e-150 -2.91742220e-150
 -8.48185453e-151  1.11737948e-151  7.97249067e-152  1.94777320e-153
 -5.85253705e-153 -9.20809592e-154  3.27098886e-154  1.13686994e-154
 -1.00790592e-155 -1.00411824e-155 -5.51370572e-157  6.96835503e-157
  1.34125176e-157 -3.57219071e-158 -1.49889066e-158  7.61619570e-160
  1.24919112e-159  1.06323020e-160 -8.17248476e-161 -1.89239916e-161
  3.76883579e-162  1.94736227e-162 -3.21202182e-164 -1.53497223e-163
 -1.77762247e-164  9.42183655e-165  2.60482766e-165 -3.78757025e-166
 -2.49606946e-166 -3.87783006e-168  1.86222370e-167  2.75265046e-168
 -1.06456687e-168 -3.51378243e-169  3.52767025e-170  3.15877154e-170
  1.46073840e-171 -2.22892459e-171 -4.05883432e-172  1.17355185e-172
  4.65906321e-173 -2.85346648e-174 -3.94811579e-174 -3.01841280e-175
  2.62885946e-175  5.78061237e-176 -1.25323925e-176 -6.08448762e-177
  1.58522167e-178  4.87402299e-178  5.21177368e-179 -3.04973719e-179
 -8.01760013e-180  1.28106697e-180  7.83673531e-181  5.11698379e-183
 -5.94137278e-182 -8.22726606e-183  3.47072129e-183  1.08853703e-183
 -1.22581211e-184 -9.96331227e-185 -3.73947537e-186  7.14677358e-186
  1.22922627e-186 -3.85923245e-187 -1.45154199e-187  1.04514131e-188
  1.25092960e-188  8.48234724e-190 -8.47415174e-190 -1.76803839e-190
  4.16686195e-191  1.90538650e-191 -6.82646436e-193 -1.55124257e-192
 -1.52228850e-193  9.88883702e-194  2.47161911e-194 -4.32421333e-195
 -2.46582424e-195  6.43073213e-198  1.89959828e-196  2.45597559e-197
 -1.13297567e-197 -3.37785290e-198  4.23447066e-199  3.14915935e-199
  9.05664766e-201 -2.29587704e-200 -3.72264118e-201  1.26992795e-201
  4.53014775e-202 -3.76547770e-203 -3.97127514e-203 -2.34962600e-204
  2.73613298e-204  5.41097495e-205 -1.38501758e-205 -5.97714806e-206
  2.74010767e-207  4.94614374e-207  4.42192674e-208 -3.21073453e-208
 -7.62672444e-209  1.45690853e-209  7.77186966e-210 -9.24713610e-212
 -6.08363929e-211 -7.31489308e-212  3.70189703e-212  1.04940328e-212
 -1.45558125e-213 -9.96999646e-214 -1.98451798e-215  7.38643072e-215
  1.12652047e-215 -4.18045655e-216 -1.41560799e-216  1.33977168e-217
  1.26269954e-217  6.37742151e-219 -8.84567638e-219 -1.65603871e-219
  4.60170873e-220  1.87745790e-220 -1.05384338e-221 -1.57936048e-221
 -1.27479136e-222  1.04351788e-222  2.35449684e-223 -4.90010979e-224
 -2.45275138e-224  5.24018041e-226  1.95091264e-225  2.17140833e-226
 -1.21035858e-226 -3.26256159e-227  4.98261193e-228  3.16042934e-228
  3.46101642e-230 -2.37918008e-229 -3.40398693e-230  1.37641425e-230
  4.42742624e-231 -4.72038396e-232 -4.01972319e-232 -1.68076445e-233
  2.86253659e-233  5.06575017e-234 -1.52814129e-234 -5.90278220e-235
  3.93865461e-236  5.04879352e-236  3.63807256e-237 -3.39406896e-237
 -7.26893550e-238  1.64542964e-238  7.74825673e-239 -2.40441541e-240
 -6.26267651e-240 -6.41671383e-241  3.95911238e-241  1.01467129e-241
 -1.69945762e-242 -1.00280561e-242 -1.88258715e-245  7.67030608e-244
  1.02633044e-244 -4.53199582e-245 -1.38545291e-245  1.65001587e-246
  1.28084684e-246  4.23546156e-248 -9.27032094e-248 -1.54801036e-248
  5.07180513e-249  1.85704430e-249 -1.44221020e-250 -1.61537710e-250
 -1.02433730e-251  1.10452957e-251  2.24326970e-252 -5.51694045e-253
 -2.44938449e-253  1.00245164e-254  2.01199595e-254  1.88507740e-255
 -1.29539557e-255 -3.15570142e-256  5.77821292e-257  3.18417396e-257
 -2.33646485e-259 -2.47455478e-258 -3.08538437e-259  1.49208425e-259
  4.33647367e-260 -5.73019658e-261 -4.08414908e-261 -9.90486903e-263
  3.00385012e-262  4.72325592e-263 -1.68227984e-263 -5.84457397e-264
  5.20052846e-265  5.17185815e-265  2.83201932e-266 -3.59581304e-266
 -6.91774991e-267  1.84715282e-267  7.74656701e-268 -3.95683839e-269
 -6.46775134e-269 -5.49632693e-270  4.23905103e-270  9.81151298e-271
 -1.95913885e-271 -1.01156063e-271  1.69099786e-273  7.98734391e-273
  9.24044397e-274 -4.91156785e-274 -1.35728673e-274  1.97914481e-275
  1.30293509e-275  1.99958570e-277 -9.73714892e-277 -1.43820608e-277
  5.57645333e-278  1.83970342e-278 -1.85307763e-279 -1.65663257e-279]